57 50 1
114 5 1
90 42 1
110 41 1
52 98 1
15 30 1
19 91 1
76 88 1
42 88 1
52 17 1
15 143 1
109 32 1
14 77 1
142 6 1
89 12 1
71 100 1
75 97 1
95 98 1
85 56 1
41 34 1
13 188 1
88 67 1
17 57 1
94 57 1
13 13 1
60 104 1
23 84 1
70 81 1
103 27 1
16 29 1
73 92 1
36 80 1
26 74 1
103 104 1
69 40 1
16 172 1
35 105 1
96 9 1
102 51 1
21 55 1
78 56 1
54 33 1
58 44 1
91 44 1
20 96 1
111 33 1
77 81 1
24 99 1
87 24 1
77 34 1
53 9 1
110 90 1
39 106 1
86 50 1
19 119 1
42 60 1
14 190 1
18 197 1
95 49 1
89 104 1
71 72 1
18 84 1
51 36 1
37 89 1
61 67 1
108 98 1
17 37 1
37 42 1
23 11 1
70 34 1
17 182 1
74 33 1
40 81 1
60 12 1
107 43 1
12 126 1
22 35 1
69 12 1
55 41 1
59 42 1
102 76 1
92 82 1
11 28 1
58 81 1
21 75 1
78 20 1
44 92 1
11 109 1
105 90 1
68 106 1
125 7 1
152 5 1
34 57 1
91 8 1
87 60 1
43 58 1
104 60 1
57 106 1
43 75 1
100 8 1
104 75 1
19 34 1
76 17 1
52 90 1
15 86 1
18 150 1
19 147 1
76 96 1
42 16 1
32 6 1
18 41 1
75 88 1
38 44 1
89 68 1
71 44 1
75 41 1
112 50 1
165 8 1
27 59 1
88 59 1
13 196 1
131 9 1
13 85 1
60 16 1
36 25 1
22 92 1
26 19 1
103 35 1
16 101 1
73 20 1
36 104 1
93 73 1
35 80 1
21 141 1
25 74 1
102 104 1
35 33 1
72 58 1
21 111 1
44 64 1
24 44 1
30 6 1
87 83 1
91 20 1
20 24 1
111 89 1
77 25 1
24 91 1
20 143 1
104 24 1
53 65 1
110 18 1
39 50 1
86 11 1
56 74 1
19 62 1
109 59 1
56 57 1
19 175 1
14 118 1
18 13 1
75 68 1
38 72 1
95 9 1
132 5 1
85 35 1
71 16 1
61 26 1
13 151 1
88 104 1
51 28 1
17 92 1
108 27 1
37 17 1
94 66 1
151 9 1
27 7 1
23 51 1
107 98 1
70 106 1
40 41 1
60 52 1
117 5 1
144 7 1
93 60 1
69 51 1
73 48 1
12 149 1
35 76 1
55 17 1
59 82 1
102 20 1
106 91 1
92 26 1
21 18 1
11 36 1
68 19 1
54 90 1
58 9 1
78 76 1
44 36 1
11 181 1
105 18 1
20 77 1
111 12 1
24 8 1
34 97 1
20 60 1
53 52 1
57 49 1
20 163 1
39 65 1
90 43 1
52 99 1
19 90 1
76 89 1
42 89 1
14 163 1
52 18 1
15 142 1
19 203 1
89 19 1
142 7 1
75 96 1
41 33 1
13 187 1
88 68 1
17 56 1
13 12 1
198 8 1
74 10 1
60 105 1
40 5 1
103 26 1
12 91 1
16 30 1
73 67 1
36 81 1
26 75 1
16 173 1
73 44 1
106 44 1
35 104 1
21 197 1
102 48 1
21 54 1
78 57 1
44 8 1
34 18 1
20 97 1
111 32 1
77 80 1
24 100 1
87 27 1
91 92 1
77 33 1
53 8 1
110 91 1
104 80 1
19 9 1
86 51 1
15 125 1
18 179 1
19 118 1
14 191 1
95 48 1
85 106 1
14 46 1
71 75 1
18 85 1
75 12 1
95 65 1
37 88 1
61 66 1
88 32 1
51 84 1
108 99 1
17 36 1
37 41 1
94 26 1
23 10 1
70 35 1
17 181 1
40 82 1
107 42 1
26 60 1
12 127 1
93 100 1
22 32 1
177 9 1
69 11 1
55 40 1
92 83 1
55 89 1
11 31 1
21 74 1
11 108 1
105 89 1
125 6 1
152 6 1
91 11 1
111 68 1
24 64 1
134 5 1
57 105 1
39 9 1
43 74 1
100 9 1
104 76 1
19 37 1
76 18 1
52 91 1
18 151 1
76 97 1
42 17 1
32 7 1
14 155 1
18 38 1
75 91 1
95 20 1
89 75 1
75 40 1
17 119 1
108 48 1
112 51 1
27 58 1
13 195 1
88 60 1
131 8 1
13 84 1
74 66 1
60 17 1
36 26 1
150 6 1
26 16 1
12 99 1
103 34 1
16 102 1
73 27 1
36 105 1
93 72 1
35 83 1
55 12 1
21 140 1
59 73 1
25 73 1
102 105 1
106 100 1
35 32 1
135 5 1
11 59 1
68 56 1
72 59 1
21 110 1
44 65 1
30 7 1
87 82 1
34 90 1
20 25 1
111 88 1
77 24 1
24 92 1
57 20 1
39 92 1
43 25 1
104 25 1
90 84 1
53 64 1
110 19 1
147 7 1
86 8 1
56 75 1
19 65 1
42 98 1
14 196 1
15 181 1
109 58 1
56 58 1
19 174 1
14 119 1
18 10 1
38 73 1
95 8 1
132 6 1
85 34 1
71 19 1
61 25 1
27 105 1
13 150 1
88 105 1
17 83 1
108 20 1
37 16 1
94 67 1
151 8 1
27 6 1
88 24 1
23 50 1
40 42 1
16 51 1
93 59 1
69 50 1
12 150 1
92 100 1
55 16 1
106 88 1
92 27 1
129 7 1
21 17 1
78 34 1
11 39 1
68 28 1
54 91 1
11 180 1
105 17 1
20 78 1
24 9 1
20 61 1
77 60 1
53 51 1
57 48 1
20 172 1
39 64 1
43 5 1
90 40 1
86 20 1
19 93 1
76 90 1
160 5 1
52 19 1
38 26 1
14 83 1
89 18 1
18 110 1
75 99 1
65 9 1
41 32 1
17 63 1
37 52 1
13 11 1
198 9 1
74 11 1
60 106 1
107 65 1
40 6 1
12 84 1
16 31 1
73 66 1
36 82 1
26 72 1
12 43 1
103 106 1
16 174 1
92 72 1
21 196 1
102 49 1
21 53 1
11 67 1
58 42 1
44 9 1
34 19 1
20 98 1
111 35 1
87 26 1
77 32 1
110 88 1
57 76 1
39 100 1
43 97 1
104 81 1
90 12 1
19 8 1
86 48 1
52 64 1
15 124 1
42 58 1
14 188 1
18 195 1
95 51 1
85 105 1
14 47 1
71 74 1
18 82 1
95 64 1
112 8 1
41 28 1
61 65 1
27 81 1
88 33 1
17 27 1
108 92 1
37 40 1
94 27 1
23 5 1
13 47 1
70 32 1
17 180 1
40 83 1
103 57 1
16 123 1
93 99 1
22 33 1
177 8 1
69 10 1
55 43 1
59 44 1
102 66 1
92 44 1
55 88 1
11 30 1
21 73 1
186 8 1
78 26 1
11 111 1
105 88 1
68 84 1
125 5 1
152 7 1
87 73 1
91 10 1
24 65 1
43 60 1
57 104 1
39 8 1
15 35 1
19 36 1
76 19 1
86 92 1
52 36 1
18 148 1
19 149 1
76 98 1
18 39 1
75 90 1
38 34 1
89 74 1
14 11 1
75 43 1
17 118 1
108 49 1
112 52 1
94 100 1
108 64 1
23 41 1
13 83 1
70 12 1
74 67 1
60 18 1
107 9 1
36 27 1
22 82 1
150 7 1
26 17 1
12 28 1
16 103 1
73 26 1
36 106 1
35 82 1
21 139 1
59 72 1
25 72 1
35 35 1
92 48 1
68 57 1
72 60 1
21 109 1
44 66 1
48 5 1
11 139 1
105 52 1
68 72 1
34 91 1
20 26 1
111 91 1
181 9 1
57 27 1
43 24 1
104 26 1
110 16 1
147 6 1
39 44 1
86 9 1
56 76 1
19 64 1
42 99 1
14 197 1
52 56 1
15 180 1
109 57 1
56 59 1
14 116 1
18 11 1
95 11 1
132 7 1
85 33 1
71 18 1
61 24 1
27 104 1
13 149 1
88 106 1
17 82 1
112 80 1
94 64 1
41 84 1
27 25 1
88 25 1
74 20 1
13 119 1
107 100 1
70 104 1
40 43 1
16 52 1
93 58 1
103 65 1
69 49 1
16 67 1
12 151 1
163 5 1
55 19 1
21 175 1
59 84 1
25 36 1
102 10 1
106 89 1
92 20 1
129 6 1
21 16 1
78 35 1
11 38 1
72 88 1
54 88 1
78 82 1
11 183 1
105 16 1
34 12 1
20 79 1
24 10 1
20 62 1
77 59 1
53 50 1
20 173 1
39 67 1
90 41 1
110 44 1
15 27 1
56 104 1
19 92 1
76 91 1
160 6 1
52 28 1
38 27 1
28 5 1
85 84 1
89 17 1
142 5 1
71 97 1
18 111 1
75 98 1
38 106 1
65 8 1
61 60 1
17 62 1
37 51 1
94 60 1
74 8 1
23 81 1
107 64 1
70 84 1
40 7 1
12 85 1
103 20 1
73 65 1
36 83 1
130 8 1
22 26 1
26 73 1
12 36 1
16 175 1
12 187 1
106 42 1
35 106 1
92 73 1
21 195 1
21 52 1
105 99 1
54 36 1
58 43 1
44 10 1
105 12 1
34 16 1
91 33 1
20 99 1
111 34 1
110 89 1
57 83 1
43 96 1
104 82 1
143 5 1
19 11 1
86 49 1
52 65 1
15 127 1
42 59 1
14 189 1
95 50 1
85 104 1
14 44 1
18 83 1
95 67 1
51 41 1
112 9 1
61 64 1
27 80 1
88 34 1
17 26 1
94 24 1
13 46 1
70 33 1
17 171 1
74 44 1
40 84 1
107 44 1
26 58 1
103 56 1
16 124 1
93 98 1
69 9 1
16 139 1
55 42 1
102 67 1
55 91 1
25 28 1
58 92 1
21 72 1
186 9 1
78 27 1
11 110 1
152 8 1
87 72 1
34 52 1
24 66 1
87 57 1
53 106 1
39 11 1
43 76 1
19 39 1
76 12 1
15 83 1
18 149 1
109 84 1
19 148 1
56 32 1
76 99 1
18 36 1
38 35 1
85 12 1
89 73 1
71 41 1
75 42 1
17 117 1
108 50 1
61 100 1
27 60 1
108 65 1
23 40 1
17 151 1
74 64 1
40 48 1
168 5 1
60 19 1
107 8 1
22 83 1
12 29 1
103 92 1
69 92 1
73 25 1
59 75 1
116 8 1
106 98 1
35 34 1
92 49 1
135 7 1
11 61 1
68 58 1
21 108 1
44 67 1
48 6 1
105 59 1
68 73 1
30 5 1
34 88 1
91 105 1
20 27 1
111 90 1
181 8 1
57 26 1
43 27 1
104 27 1
90 82 1
110 17 1
147 9 1
19 67 1
76 48 1
42 96 1
52 57 1
15 183 1
109 56 1
56 60 1
14 117 1
89 52 1
18 8 1
95 10 1
85 32 1
13 148 1
51 97 1
17 81 1
112 81 1
94 65 1
41 91 1
27 24 1
88 26 1
60 64 1
23 76 1
13 118 1
70 105 1
74 100 1
40 44 1
46 6 1
16 53 1
36 56 1
93 57 1
103 64 1
69 48 1
16 68 1
55 18 1
21 174 1
25 43 1
102 11 1
31 5 1
129 5 1
21 31 1
78 32 1
72 89 1
54 89 1
58 20 1
78 83 1
11 182 1
111 9 1
148 5 1
20 72 1
24 11 1
20 63 1
77 58 1
53 49 1
110 66 1
20 174 1
39 66 1
167 9 1
43 7 1
86 42 1
56 105 1
19 95 1
76 84 1
42 68 1
160 7 1
14 166 1
15 139 1
109 28 1
38 24 1
28 6 1
85 83 1
89 16 1
71 96 1
18 108 1
61 59 1
17 61 1
37 50 1
70 58 1
74 9 1
60 100 1
23 80 1
107 67 1
40 8 1
12 86 1
73 64 1
36 92 1
130 9 1
22 27 1
12 37 1
103 100 1
69 20 1
12 180 1
106 43 1
92 74 1
25 7 1
21 51 1
78 60 1
11 69 1
105 98 1
58 40 1
44 11 1
34 17 1
91 32 1
20 108 1
87 20 1
91 81 1
57 82 1
43 99 1
104 83 1
90 10 1
19 10 1
52 66 1
15 126 1
18 174 1
19 123 1
42 56 1
14 45 1
71 68 1
18 80 1
95 66 1
51 40 1
112 10 1
27 83 1
88 35 1
51 89 1
17 25 1
94 25 1
23 7 1
13 45 1
60 8 1
26 59 1
103 59 1
16 125 1
93 97 1
69 8 1
16 140 1
102 64 1
35 9 1
55 90 1
21 87 1
78 24 1
44 88 1
152 9 1
87 75 1
91 12 1
111 65 1
24 67 1
87 56 1
104 32 1
53 105 1
39 10 1
15 45 1
19 38 1
86 82 1
109 83 1
56 33 1
19 151 1
42 28 1
14 158 1
15 195 1
18 37 1
75 92 1
38 32 1
95 17 1
193 9 1
85 11 1
89 72 1
71 40 1
17 116 1
108 51 1
94 106 1
61 99 1
108 66 1
23 43 1
17 150 1
74 65 1
40 49 1
168 6 1
60 44 1
107 11 1
22 80 1
150 5 1
12 30 1
69 91 1
73 24 1
35 84 1
55 9 1
59 74 1
116 9 1
106 99 1
92 50 1
135 6 1
11 60 1
68 59 1
21 107 1
44 60 1
48 7 1
11 141 1
105 58 1
68 74 1
24 48 1
34 89 1
91 104 1
20 36 1
57 25 1
20 139 1
39 89 1
43 26 1
104 28 1
90 83 1
147 8 1
19 66 1
76 49 1
42 97 1
14 203 1
52 58 1
15 182 1
19 179 1
166 6 1
89 59 1
18 9 1
38 76 1
71 12 1
27 106 1
13 147 1
51 96 1
17 80 1
112 82 1
41 90 1
151 5 1
27 27 1
88 27 1
74 18 1
60 65 1
13 117 1
60 48 1
46 7 1
16 54 1
36 57 1
93 56 1
103 67 1
16 69 1
73 52 1
106 52 1
163 7 1
21 173 1
25 42 1
102 8 1
21 30 1
78 33 1
72 90 1
78 80 1
44 32 1
34 10 1
111 8 1
148 6 1
20 73 1
24 12 1
20 56 1
77 57 1
53 48 1
110 67 1
20 175 1
167 8 1
43 6 1
110 50 1
86 43 1
15 101 1
56 106 1
19 94 1
14 167 1
109 27 1
38 25 1
28 7 1
85 82 1
14 86 1
71 99 1
18 109 1
75 100 1
38 104 1
95 105 1
61 58 1
88 72 1
13 183 1
17 60 1
145 7 1
37 49 1
94 34 1
70 59 1
23 83 1
107 66 1
70 74 1
40 9 1
26 36 1
12 87 1
93 28 1
130 6 1
22 24 1
12 38 1
69 19 1
59 5 1
12 181 1
106 40 1
92 75 1
25 6 1
102 52 1
21 50 1
11 68 1
105 97 1
176 5 1
54 58 1
58 41 1
91 35 1
20 109 1
111 44 1
77 76 1
24 104 1
81 9 1
91 80 1
53 20 1
57 81 1
39 97 1
43 98 1
104 84 1
90 11 1
143 7 1
19 13 1
52 67 1
18 175 1
42 57 1
14 131 1
18 62 1
95 60 1
18 81 1
51 43 1
37 68 1
112 11 1
27 82 1
88 36 1
51 88 1
17 24 1
23 6 1
13 44 1
74 42 1
60 9 1
26 56 1
12 123 1
103 58 1
16 126 1
73 99 1
93 96 1
22 36 1
16 141 1
55 36 1
59 33 1
102 65 1
106 12 1
35 8 1
11 19 1
58 90 1
21 86 1
78 25 1
44 89 1
87 74 1
34 50 1
111 64 1
24 68 1
87 59 1
43 49 1
104 33 1
53 104 1
15 44 1
19 41 1
86 83 1
15 93 1
18 147 1
56 34 1
19 150 1
109 82 1
14 159 1
18 34 1
38 33 1
95 16 1
193 8 1
85 10 1
14 14 1
71 43 1
75 44 1
17 107 1
108 44 1
61 98 1
108 67 1
202 8 1
23 42 1
17 149 1
40 50 1
168 7 1
107 10 1
22 81 1
26 28 1
12 31 1
69 90 1
93 68 1
55 8 1
106 96 1
35 36 1
92 51 1
11 63 1
68 36 1
21 106 1
11 140 1
105 57 1
68 75 1
24 49 1
111 100 1
20 37 1
77 20 1
57 24 1
20 148 1
39 88 1
33 7 1
90 80 1
53 76 1
39 41 1
86 12 1
19 69 1
76 50 1
52 59 1
166 7 1
14 123 1
89 58 1
51 99 1
17 87 1
108 16 1
112 83 1
37 28 1
41 89 1
27 26 1
88 28 1
74 19 1
60 66 1
64 5 1
13 116 1
107 89 1
74 98 1
60 49 1
16 55 1
36 58 1
103 66 1
16 70 1
197 9 1
73 59 1
163 6 1
92 96 1
21 172 1
59 105 1
25 41 1
102 9 1
106 68 1
31 7 1
21 29 1
11 91 1
68 24 1
72 91 1
58 18 1
78 81 1
44 33 1
34 11 1
20 74 1
148 7 1
111 11 1
20 57 1
77 56 1
110 64 1
57 52 1
90 52 1
110 51 1
86 40 1
52 104 1
15 100 1
19 97 1
42 66 1
14 164 1
15 149 1
109 26 1
85 81 1
14 87 1
142 8 1
71 98 1
18 106 1
38 105 1
95 104 1
179 5 1
41 36 1
61 57 1
27 73 1
13 182 1
88 73 1
17 51 1
145 6 1
37 48 1
94 35 1
70 56 1
23 82 1
70 75 1
40 10 1
103 17 1
16 19 1
93 27 1
130 7 1
22 25 1
26 84 1
12 39 1
69 18 1
102 90 1
12 182 1
106 41 1
92 68 1
25 5 1
21 49 1
176 6 1
11 71 1
105 96 1
54 59 1
44 5 1
91 34 1
20 110 1
77 75 1
24 105 1
81 8 1
91 83 1
53 19 1
110 92 1
57 80 1
39 96 1
90 8 1
143 6 1
19 12 1
86 52 1
52 76 1
18 172 1
19 125 1
18 63 1
146 8 1
38 58 1
14 51 1
18 78 1
95 76 1
51 42 1
37 67 1
112 12 1
51 91 1
108 88 1
17 31 1
13 43 1
70 36 1
74 43 1
60 10 1
107 33 1
22 74 1
26 57 1
12 116 1
16 127 1
73 98 1
12 203 1
16 142 1
59 32 1
159 5 1
35 11 1
92 40 1
55 84 1
58 91 1
21 85 1
44 90 1
11 99 1
105 92 1
68 80 1
34 51 1
111 67 1
87 58 1
43 48 1
104 34 1
43 65 1
15 47 1
19 40 1
86 80 1
52 32 1
15 92 1
109 81 1
56 35 1
42 26 1
14 156 1
18 35 1
95 19 1
85 9 1
14 15 1
71 42 1
17 106 1
112 40 1
94 104 1
61 97 1
27 49 1
202 9 1
13 79 1
17 148 1
40 51 1
168 8 1
103 89 1
69 89 1
16 91 1
93 67 1
55 11 1
21 151 1
59 76 1
25 76 1
102 98 1
106 97 1
92 12 1
11 62 1
72 32 1
21 105 1
11 143 1
105 56 1
24 50 1
30 8 1
87 105 1
91 106 1
20 38 1
77 19 1
67 5 1
20 149 1
39 91 1
43 28 1
33 6 1
90 81 1
53 75 1
110 20 1
39 40 1
56 80 1
19 68 1
184 5 1
76 51 1
19 181 1
89 57 1
38 66 1
61 20 1
51 98 1
17 86 1
108 17 1
37 27 1
112 84 1
94 68 1
41 88 1
151 7 1
74 16 1
60 67 1
23 73 1
64 6 1
13 115 1
107 88 1
74 99 1
60 50 1
46 5 1
36 59 1
12 60 1
197 8 1
16 71 1
73 58 1
12 147 1
106 50 1
163 9 1
92 97 1
21 171 1
59 104 1
25 40 1
31 6 1
92 16 1
21 28 1
68 25 1
72 92 1
54 92 1
58 19 1
44 34 1
11 171 1
105 20 1
34 8 1
20 75 1
111 10 1
20 58 1
110 65 1
57 59 1
110 48 1
133 7 1
86 41 1
52 105 1
15 103 1
19 96 1
42 67 1
62 6 1
14 165 1
52 24 1
15 148 1
109 25 1
85 80 1
14 84 1
142 9 1
18 107 1
41 43 1
61 56 1
27 72 1
47 5 1
13 181 1
88 74 1
17 50 1
145 5 1
94 32 1
70 57 1
17 195 1
74 52 1
107 68 1
70 72 1
127 9 1
164 5 1
40 11 1
26 34 1
103 16 1
16 20 1
93 26 1
103 97 1
69 17 1
16 163 1
183 9 1
59 7 1
102 91 1
12 183 1
102 42 1
58 68 1
21 48 1
11 70 1
176 7 1
54 56 1
44 6 1
34 44 1
20 111 1
77 74 1
24 106 1
87 17 1
91 82 1
53 18 1
39 99 1
43 100 1
29 9 1
90 9 1
19 15 1
15 123 1
18 173 1
56 8 1
19 124 1
18 60 1
146 9 1
38 59 1
71 65 1
18 79 1
37 66 1
41 7 1
61 92 1
27 84 1
51 90 1
108 89 1
17 30 1
94 28 1
17 175 1
74 40 1
40 88 1
60 11 1
107 32 1
22 75 1
26 6 1
12 117 1
103 52 1
69 100 1
73 97 1
22 58 1
12 196 1
16 143 1
59 35 1
106 10 1
35 10 1
92 41 1
11 21 1
58 88 1
21 84 1
44 91 1
105 67 1
68 81 1
87 68 1
34 48 1
111 66 1
43 51 1
104 35 1
43 64 1
15 46 1
19 43 1
76 8 1
86 81 1
52 33 1
15 95 1
109 80 1
56 36 1
42 27 1
14 157 1
18 32 1
75 81 1
95 18 1
85 8 1
14 12 1
51 9 1
17 105 1
112 41 1
94 105 1
41 99 1
61 96 1
27 48 1
23 36 1
13 78 1
17 139 1
74 76 1
40 52 1
168 9 1
107 12 1
26 26 1
103 88 1
69 88 1
16 92 1
93 66 1
35 89 1
55 10 1
21 150 1
25 83 1
102 99 1
72 33 1
21 104 1
11 142 1
24 51 1
30 9 1
87 104 1
34 84 1
20 39 1
77 18 1
20 150 1
39 90 1
33 5 1
53 74 1
39 43 1
56 81 1
184 6 1
19 71 1
76 44 1
15 179 1
109 52 1
19 180 1
166 5 1
89 56 1
38 67 1
85 44 1
71 9 1
61 19 1
17 85 1
108 18 1
37 26 1
151 6 1
27 28 1
74 17 1
60 92 1
23 72 1
64 7 1
107 91 1
74 96 1
40 16 1
60 51 1
36 36 1
12 61 1
69 60 1
73 57 1
12 140 1
106 51 1
163 8 1
92 98 1
106 66 1
92 17 1
21 27 1
78 36 1
11 93 1
68 26 1
182 6 1
58 16 1
44 35 1
105 27 1
34 9 1
20 84 1
87 12 1
91 73 1
20 59 1
57 58 1
167 5 1
90 50 1
110 49 1
133 6 1
52 106 1
15 102 1
19 99 1
76 80 1
42 64 1
62 7 1
52 25 1
15 151 1
109 24 1
38 28 1
14 85 1
89 20 1
71 92 1
18 104 1
75 25 1
95 106 1
179 7 1
41 42 1
27 75 1
118 8 1
13 180 1
88 75 1
51 65 1
17 49 1
94 33 1
60 96 1
70 73 1
127 8 1
164 6 1
40 12 1
26 35 1
103 19 1
16 21 1
73 68 1
36 88 1
93 25 1
130 5 1
26 82 1
103 96 1
69 16 1
16 164 1
183 8 1
59 6 1
102 88 1
35 17 1
25 11 1
102 43 1
21 63 1
54 57 1
58 52 1
44 7 1
91 36 1
111 41 1
20 104 1
77 73 1
87 16 1
161 7 1
53 17 1
110 98 1
39 98 1
29 8 1
19 14 1
86 74 1
56 9 1
19 127 1
42 36 1
14 134 1
18 61 1
146 6 1
38 56 1
95 57 1
71 64 1
18 76 1
75 5 1
51 44 1
37 65 1
41 6 1
61 91 1
108 90 1
17 29 1
70 26 1
17 174 1
74 41 1
40 89 1
107 35 1
97 9 1
22 72 1
26 7 1
12 118 1
69 99 1
73 96 1
22 59 1
12 197 1
55 33 1
59 34 1
102 68 1
106 11 1
159 7 1
92 42 1
11 20 1
54 106 1
58 89 1
21 83 1
78 28 1
44 84 1
11 101 1
105 66 1
68 82 1
34 49 1
20 12 1
87 52 1
43 50 1
104 36 1
43 67 1
19 42 1
76 9 1
52 34 1
15 94 1
18 142 1
19 155 1
42 24 1
89 35 1
18 33 1
75 80 1
38 36 1
14 13 1
89 76 1
71 36 1
75 33 1
51 8 1
17 104 1
112 42 1
41 98 1
27 51 1
13 77 1
60 40 1
22 84 1
26 27 1
103 91 1
16 93 1
73 28 1
93 65 1
35 88 1
21 149 1
25 82 1
102 96 1
35 41 1
72 34 1
21 119 1
44 56 1
24 52 1
20 32 1
111 97 1
77 17 1
67 7 1
20 151 1
53 73 1
110 26 1
39 42 1
15 13 1
56 82 1
19 70 1
184 7 1
109 51 1
19 183 1
14 126 1
38 64 1
85 43 1
71 8 1
61 18 1
13 143 1
51 100 1
17 84 1
108 19 1
37 25 1
94 74 1
23 75 1
107 90 1
70 98 1
74 97 1
40 17 1
93 52 1
12 62 1
69 59 1
73 56 1
49 7 1
12 141 1
106 48 1
92 99 1
55 105 1
59 106 1
102 12 1
106 67 1
92 18 1
21 26 1
11 92 1
68 27 1
54 82 1
182 7 1
58 17 1
78 84 1
44 28 1
11 173 1
105 26 1
20 85 1
111 20 1
24 16 1
91 72 1
20 196 1
53 60 1
57 57 1
20 171 1
90 51 1
80 5 1
133 5 1
19 98 1
76 81 1
42 65 1
14 171 1
52 26 1
15 150 1
89 27 1
18 105 1
75 24 1
179 6 1
41 41 1
27 74 1
118 9 1
47 7 1
13 179 1
88 76 1
51 64 1
17 48 1
74 50 1
60 97 1
164 7 1
26 32 1
12 83 1
103 18 1
16 22 1
73 75 1
36 89 1
93 24 1
22 28 1
26 83 1
103 99 1
16 165 1
59 25 1
102 89 1
106 20 1
35 16 1
25 10 1
102 40 1
58 66 1
21 62 1
34 42 1
111 40 1
20 105 1
77 72 1
195 5 1
87 19 1
91 84 1
161 6 1
90 100 1
53 16 1
110 99 1
104 88 1
29 7 1
19 17 1
86 75 1
15 69 1
18 171 1
56 10 1
19 126 1
109 106 1
14 135 1
18 58 1
146 7 1
38 57 1
95 56 1
14 54 1
71 67 1
18 77 1
95 73 1
37 64 1
41 5 1
61 90 1
88 40 1
51 92 1
108 91 1
17 28 1
70 27 1
17 173 1
40 90 1
60 5 1
107 34 1
22 73 1
97 8 1
12 119 1
69 98 1
22 56 1
55 32 1
106 8 1
159 6 1
35 12 1
92 43 1
55 81 1
11 23 1
21 82 1
11 100 1
105 65 1
68 83 1
162 8 1
54 26 1
20 13 1
111 76 1
24 72 1
43 66 1
19 45 1
76 10 1
52 35 1
18 143 1
42 25 1
14 99 1
89 34 1
18 30 1
75 83 1
95 28 1
89 83 1
75 32 1
51 11 1
108 40 1
17 111 1
112 43 1
37 100 1
41 97 1
27 50 1
13 76 1
74 74 1
60 41 1
26 24 1
103 90 1
12 27 1
16 94 1
93 64 1
35 91 1
21 148 1
59 65 1
25 81 1
102 97 1
35 40 1
11 51 1
68 32 1
72 35 1
21 118 1
44 57 1
101 9 1
87 106 1
34 82 1
20 33 1
111 96 1
77 16 1
67 6 1
57 28 1
39 84 1
43 17 1
90 92 1
53 72 1
110 27 1
15 12 1
56 83 1
19 73 1
184 8 1
42 106 1
15 189 1
109 50 1
19 182 1
14 127 1
38 65 1
85 42 1
71 11 1
169 7 1
61 17 1
27 97 1
13 142 1
17 75 1
108 12 1
37 24 1
94 75 1
13 31 1
23 74 1
70 99 1
40 18 1
46 8 1
16 43 1
93 51 1
83 5 1
12 63 1
69 58 1
49 6 1
12 142 1
106 49 1
55 104 1
106 64 1
200 5 1
92 19 1
21 25 1
78 42 1
11 95 1
54 83 1
11 172 1
105 25 1
20 86 1
24 17 1
91 75 1
20 197 1
77 52 1
53 59 1
110 68 1
57 56 1
20 180 1
167 7 1
90 48 1
80 6 1
86 44 1
19 101 1
76 82 1
62 5 1
52 27 1
38 18 1
14 91 1
89 26 1
18 102 1
75 27 1
95 84 1
179 9 1
41 40 1
47 6 1
51 67 1
17 55 1
37 60 1
70 60 1
74 51 1
60 98 1
50 8 1
107 57 1
26 33 1
12 76 1
16 23 1
73 74 1
36 90 1
26 80 1
12 35 1
103 98 1
16 166 1
59 24 1
35 19 1
92 64 1
55 76 1
149 7 1
25 9 1
102 41 1
58 67 1
21 61 1
78 6 1
11 123 1
105 100 1
58 50 1
34 43 1
111 43 1
20 106 1
87 18 1
63 5 1
161 5 1
110 96 1
57 84 1
39 28 1
43 89 1
104 89 1
29 6 1
90 20 1
19 16 1
86 72 1
52 72 1
15 68 1
180 5 1
56 11 1
109 105 1
42 34 1
14 132 1
18 59 1
95 59 1
14 55 1
71 66 1
199 9 1
18 74 1
75 7 1
95 72 1
61 89 1
27 41 1
88 41 1
108 84 1
17 19 1
13 39 1
70 24 1
17 172 1
40 91 1
60 6 1
26 5 1
103 49 1
69 97 1
16 115 1
22 57 1
55 35 1
59 36 1
45 9 1
106 9 1
92 36 1
55 80 1
11 22 1
72 8 1
54 104 1
21 81 1
78 98 1
11 103 1
105 64 1
68 92 1
162 9 1
54 27 1
87 65 1
128 8 1
20 14 1
24 73 1
57 7 1
43 52 1
15 43 1
19 44 1
76 11 1
86 84 1
52 44 1
18 140 1
19 157 1
42 6 1
89 33 1
18 31 1
75 82 1
38 90 1
89 82 1
14 19 1
75 35 1
61 12 1
51 10 1
17 110 1
108 41 1
37 99 1
112 44 1
41 96 1
23 33 1
13 75 1
74 75 1
60 42 1
22 106 1
26 25 1
12 20 1
16 95 1
35 90 1
21 147 1
59 64 1
25 80 1
35 43 1
92 8 1
68 33 1
72 36 1
21 117 1
44 58 1
11 131 1
105 60 1
101 8 1
34 83 1
111 99 1
20 34 1
67 9 1
57 35 1
43 16 1
110 24 1
39 36 1
15 15 1
56 84 1
19 72 1
184 9 1
15 188 1
109 49 1
14 124 1
203 5 1
85 41 1
71 10 1
41 51 1
169 6 1
61 16 1
27 96 1
13 141 1
17 74 1
112 72 1
94 72 1
41 92 1
27 17 1
13 30 1
74 28 1
13 111 1
107 92 1
70 96 1
40 19 1
46 9 1
16 44 1
93 50 1
69 57 1
16 187 1
49 5 1
12 143 1
21 183 1
25 44 1
106 65 1
200 6 1
21 24 1
78 43 1
11 94 1
72 64 1
54 80 1
182 5 1
78 90 1
11 175 1
105 24 1
20 87 1
24 18 1
87 9 1
91 74 1
77 51 1
53 58 1
20 181 1
167 6 1
90 49 1
110 52 1
80 7 1
15 99 1
19 100 1
76 83 1
38 19 1
85 92 1
89 25 1
71 89 1
18 103 1
75 26 1
38 98 1
179 8 1
61 52 1
27 76 1
51 66 1
17 54 1
37 59 1
94 36 1
198 6 1
74 48 1
40 96 1
60 99 1
23 105 1
50 9 1
107 56 1
70 76 1
12 77 1
103 12 1
73 73 1
36 91 1
22 18 1
26 81 1
16 167 1
183 5 1
59 27 1
12 179 1
106 18 1
35 18 1
92 65 1
21 203 1
149 6 1
25 8 1
58 64 1
21 60 1
78 7 1
54 60 1
58 51 1
11 203 1
34 40 1
91 57 1
111 42 1
20 107 1
195 7 1
90 98 1
110 97 1
57 91 1
43 88 1
104 90 1
29 5 1
19 19 1
86 73 1
52 73 1
180 6 1
15 71 1
56 12 1
109 104 1
42 35 1
14 133 1
18 56 1
146 5 1
95 58 1
14 52 1
18 75 1
199 8 1
75 6 1
95 75 1
51 49 1
41 11 1
61 88 1
27 40 1
88 42 1
17 18 1
23 28 1
13 38 1
70 25 1
17 163 1
74 84 1
40 92 1
60 7 1
107 36 1
103 48 1
69 96 1
16 116 1
177 7 1
16 131 1
55 34 1
45 8 1
55 83 1
72 9 1
54 105 1
58 100 1
21 80 1
78 99 1
11 102 1
162 6 1
54 24 1
87 64 1
34 76 1
91 5 1
128 9 1
20 15 1
77 106 1
24 74 1
87 49 1
57 6 1
43 68 1
19 47 1
15 91 1
18 141 1
56 40 1
19 156 1
113 9 1
109 76 1
42 7 1
89 32 1
18 28 1
38 91 1
85 20 1
89 81 1
71 33 1
75 34 1
61 11 1
17 109 1
108 42 1
37 98 1
27 52 1
23 32 1
17 143 1
74 72 1
40 56 1
60 43 1
36 12 1
12 21 1
103 84 1
69 68 1
59 67 1
106 106 1
35 42 1
92 9 1
11 53 1
68 34 1
21 116 1
44 59 1
105 35 1
87 100 1
34 80 1
91 97 1
111 98 1
20 35 1
67 8 1
57 34 1
43 19 1
90 90 1
110 25 1
15 14 1
19 75 1
76 40 1
42 104 1
15 191 1
109 48 1
14 125 1
89 60 1
132 8 1
85 40 1
41 50 1
169 5 1
27 99 1
13 140 1
51 105 1
17 73 1
112 73 1
94 73 1
41 67 1
27 16 1
13 29 1
60 88 1
23 68 1
13 110 1
70 97 1
40 20 1
16 45 1
36 32 1
93 49 1
83 7 1
69 56 1
16 188 1
16 203 1
55 106 1
21 182 1
25 51 1
200 7 1
21 39 1
78 40 1
72 65 1
54 81 1
58 28 1
78 91 1
11 174 1
20 80 1
111 17 1
24 19 1
87 8 1
77 50 1
53 57 1
110 74 1
20 182 1
86 34 1
19 103 1
76 76 1
42 76 1
14 174 1
15 147 1
109 20 1
38 16 1
85 91 1
89 24 1
71 88 1
18 100 1
38 99 1
65 7 1
61 51 1
17 53 1
37 58 1
70 50 1
198 7 1
74 49 1
40 97 1
23 104 1
50 6 1
107 59 1
12 78 1
73 72 1
36 68 1
22 19 1
69 28 1
59 26 1
102 92 1
12 172 1
106 19 1
92 66 1
96 5 1
149 5 1
58 65 1
21 59 1
11 125 1
105 106 1
58 48 1
34 41 1
91 56 1
20 116 1
195 6 1
87 44 1
63 7 1
90 99 1
57 90 1
43 91 1
104 91 1
90 18 1
19 18 1
52 74 1
15 70 1
18 166 1
180 7 1
19 131 1
42 32 1
18 57 1
38 60 1
14 53 1
71 60 1
18 72 1
75 57 1
95 74 1
51 48 1
41 10 1
27 43 1
88 43 1
17 17 1
13 37 1
22 76 1
103 51 1
16 117 1
73 100 1
177 6 1
16 132 1
45 7 1
35 49 1
55 82 1
72 10 1
21 95 1
78 96 1
44 80 1
162 7 1
54 25 1
87 67 1
111 73 1
20 8 1
77 105 1
24 75 1
87 48 1
57 5 1
104 40 1
15 53 1
19 46 1
76 5 1
86 106 1
109 75 1
56 41 1
19 159 1
113 8 1
14 102 1
15 203 1
18 29 1
75 84 1
38 88 1
95 25 1
85 19 1
89 80 1
71 32 1
61 10 1
51 12 1
17 108 1
108 43 1
37 97 1
94 82 1
23 35 1
178 8 1
17 142 1
74 73 1
40 57 1
60 36 1
93 44 1
22 104 1
12 22 1
69 67 1
35 92 1
59 66 1
102 100 1
92 10 1
11 52 1
68 35 1
54 74 1
21 115 1
44 52 1
11 133 1
105 34 1
24 56 1
34 81 1
91 96 1
20 44 1
53 36 1
57 33 1
20 147 1
39 81 1
43 18 1
90 91 1
19 74 1
76 41 1
42 105 1
15 190 1
19 187 1
38 68 1
203 7 1
132 9 1
41 49 1
27 98 1
13 139 1
51 104 1
17 72 1
112 74 1
41 66 1
27 19 1
13 28 1
74 26 1
60 89 1
13 109 1
117 9 1
16 46 1
73 83 1
36 33 1
93 48 1
83 6 1
16 189 1
73 60 1
106 60 1
21 181 1
25 50 1
200 8 1
21 38 1
78 41 1
72 66 1
78 88 1
44 24 1
20 81 1
111 16 1
24 20 1
87 11 1
91 76 1
185 7 1
77 49 1
53 56 1
110 75 1
20 183 1
104 96 1
110 58 1
86 35 1
15 109 1
19 102 1
62 8 1
14 175 1
109 19 1
38 17 1
99 5 1
85 90 1
14 94 1
71 91 1
18 101 1
75 28 1
38 96 1
95 81 1
65 6 1
61 50 1
13 175 1
51 68 1
88 80 1
17 52 1
37 57 1
94 42 1
70 51 1
17 197 1
40 98 1
50 7 1
107 58 1
70 66 1
26 44 1
12 79 1
93 20 1
22 16 1
69 27 1
183 7 1
12 173 1
106 16 1
35 20 1
92 67 1
55 73 1
96 6 1
102 44 1
21 58 1
78 5 1
11 124 1
105 105 1
54 50 1
58 49 1
91 59 1
20 117 1
111 52 1
77 68 1
195 9 1
63 6 1
90 96 1
53 28 1
57 89 1
39 25 1
43 90 1
104 92 1
90 19 1
19 21 1
66 8 1
52 75 1
18 167 1
42 33 1
14 139 1
18 54 1
95 36 1
18 73 1
75 56 1
51 51 1
37 76 1
165 7 1
41 9 1
27 42 1
88 44 1
17 16 1
94 6 1
13 36 1
74 82 1
12 115 1
103 50 1
16 118 1
22 60 1
79 5 1
177 5 1
16 133 1
55 60 1
59 57 1
45 6 1
35 48 1
11 11 1
196 5 1
72 11 1
58 98 1
21 94 1
78 97 1
44 81 1
87 66 1
34 74 1
91 7 1
20 9 1
111 72 1
77 104 1
24 76 1
87 51 1
43 41 1
104 41 1
90 68 1
15 52 1
19 49 1
76 6 1
15 165 1
109 74 1
56 42 1
19 158 1
18 139 1
42 5 1
14 103 1
18 26 1
38 89 1
95 24 1
85 18 1
14 22 1
71 35 1
75 36 1
61 9 1
17 99 1
108 36 1
37 96 1
94 83 1
88 8 1
23 34 1
178 9 1
17 141 1
40 58 1
144 8 1
93 43 1
22 105 1
26 100 1
12 23 1
69 66 1
93 92 1
106 104 1
35 44 1
92 11 1
11 55 1
68 44 1
54 75 1
58 6 1
11 132 1
105 33 1
24 57 1
91 99 1
20 45 1
77 12 1
53 35 1
57 32 1
20 156 1
39 80 1
90 88 1
53 84 1
39 33 1
19 77 1
76 42 1
14 67 1
18 126 1
203 6 1
41 48 1
108 8 1
17 79 1
112 75 1
41 65 1
27 18 1
13 27 1
74 27 1
60 90 1
13 108 1
107 81 1
74 106 1
117 8 1
16 47 1
73 82 1
36 34 1
83 9 1
12 59 1
16 190 1
73 35 1
55 100 1
21 180 1
59 97 1
25 49 1
106 76 1
200 9 1
21 37 1
11 83 1
72 67 1
58 26 1
78 89 1
44 25 1
20 82 1
111 19 1
87 10 1
185 6 1
77 48 1
110 72 1
57 60 1
104 97 1
90 60 1
110 59 1
86 32 1
15 108 1
19 105 1
42 74 1
62 9 1
14 172 1
15 157 1
109 18 1
85 89 1
14 95 1
71 90 1
18 98 1
38 97 1
95 80 1
65 5 1
112 24 1
41 44 1
61 49 1
27 65 1
13 174 1
88 81 1
17 43 1
37 56 1
94 43 1
84 5 1
13 63 1
70 48 1
198 5 1
17 196 1
40 99 1
23 106 1
70 67 1
103 9 1
16 11 1
93 19 1
22 17 1
26 92 1
69 26 1
183 6 1
59 28 1
102 82 1
12 174 1
106 17 1
92 92 1
55 72 1
96 7 1
72 16 1
21 57 1
78 10 1
11 127 1
105 104 1
68 100 1
54 51 1
91 58 1
20 118 1
77 67 1
195 8 1
90 97 1
53 27 1
110 100 1
57 88 1
39 24 1
90 16 1
19 20 1
66 9 1
86 76 1
52 84 1
18 164 1
19 133 1
32 8 1
18 55 1
38 50 1
14 59 1
18 70 1
199 5 1
75 59 1
51 50 1
37 75 1
165 6 1
41 8 1
17 23 1
108 80 1
94 7 1
23 25 1
13 35 1
70 28 1
74 83 1
107 25 1
22 66 1
12 108 1
16 119 1
73 106 1
12 195 1
16 134 1
59 56 1
45 5 1
35 51 1
92 32 1
196 6 1
72 12 1
58 99 1
21 93 1
44 82 1
11 155 1
105 68 1
68 88 1
162 5 1
34 75 1
91 6 1
111 75 1
20 10 1
87 50 1
57 11 1
43 40 1
104 42 1
39 60 1
15 55 1
19 48 1
76 7 1
86 104 1
52 40 1
15 164 1
109 73 1
56 43 1
14 100 1
18 27 1
95 27 1
193 7 1
85 17 1
14 23 1
71 34 1
61 8 1
17 98 1
112 32 1
94 80 1
41 100 1
27 9 1
88 9 1
178 6 1
13 71 1
17 140 1
40 59 1
144 9 1
93 42 1
103 81 1
69 65 1
16 83 1
93 91 1
21 159 1
59 68 1
25 84 1
102 26 1
106 105 1
11 54 1
72 40 1
54 72 1
58 7 1
78 66 1
11 135 1
105 32 1
24 58 1
87 97 1
91 98 1
20 46 1
77 11 1
53 34 1
20 157 1
39 83 1
43 20 1
90 89 1
53 83 1
110 28 1
39 32 1
15 11 1
56 88 1
19 76 1
76 43 1
52 12 1
19 189 1
85 68 1
18 127 1
61 44 1
27 100 1
51 106 1
17 78 1
108 9 1
112 76 1
94 76 1
41 64 1
74 24 1
60 91 1
23 65 1
13 107 1
107 80 1
70 100 1
73 81 1
36 35 1
22 10 1
83 8 1
12 52 1
16 191 1
73 34 1
12 139 1
106 58 1
21 179 1
59 96 1
25 48 1
21 36 1
72 68 1
54 84 1
58 27 1
44 26 1
11 163 1
105 28 1
20 83 1
148 8 1
111 18 1
185 5 1
110 73 1
57 67 1
104 98 1
110 56 1
86 33 1
15 111 1
19 104 1
42 75 1
14 173 1
15 156 1
109 17 1
99 7 1
85 88 1
14 92 1
18 99 1
95 83 1
112 25 1
41 19 1
61 48 1
27 64 1
13 173 1
88 82 1
17 42 1
112 104 1
94 40 1
84 6 1
13 62 1
70 49 1
17 187 1
74 60 1
40 100 1
50 5 1
107 60 1
70 64 1
26 42 1
103 8 1
16 12 1
93 18 1
69 25 1
16 155 1
25 99 1
102 83 1
12 175 1
55 75 1
25 12 1
102 34 1
72 17 1
58 76 1
21 56 1
78 11 1
11 126 1
72 96 1
54 48 1
34 36 1
20 119 1
77 66 1
81 7 1
87 41 1
53 26 1
39 27 1
43 92 1
90 17 1
143 9 1
19 23 1
76 28 1
66 6 1
15 67 1
18 165 1
109 100 1
19 132 1
56 16 1
32 9 1
18 52 1
38 51 1
71 57 1
18 71 1
75 58 1
112 5 1
165 5 1
37 74 1
61 84 1
27 44 1
17 22 1
108 81 1
23 24 1
17 167 1
74 80 1
40 64 1
107 24 1
36 20 1
22 67 1
12 109 1
103 44 1
73 105 1
22 50 1
79 7 1
16 135 1
59 59 1
35 50 1
92 33 1
11 13 1
196 7 1
58 96 1
21 92 1
44 83 1
105 75 1
68 89 1
54 28 1
87 92 1
34 72 1
91 25 1
111 74 1
20 11 1
57 10 1
43 43 1
104 43 1
90 66 1
15 54 1
19 51 1
86 105 1
52 41 1
15 167 1
109 72 1
56 44 1
14 101 1
89 36 1
18 24 1
75 73 1
95 26 1
193 6 1
85 16 1
14 20 1
61 7 1
51 17 1
17 97 1
112 33 1
94 81 1
27 8 1
88 10 1
23 60 1
13 70 1
178 7 1
17 131 1
40 60 1
36 8 1
93 41 1
26 98 1
103 80 1
69 64 1
16 84 1
93 90 1
35 65 1
21 158 1
25 91 1
102 27 1
92 5 1
21 15 1
72 41 1
54 73 1
78 67 1
11 134 1
24 59 1
87 96 1
20 47 1
77 10 1
53 33 1
20 158 1
39 82 1
53 82 1
39 35 1
194 8 1
86 26 1
56 89 1
19 79 1
76 36 1
42 84 1
15 187 1
109 44 1
19 188 1
85 67 1
18 124 1
85 52 1
169 9 1
61 43 1
17 77 1
108 10 1
27 20 1
74 25 1
60 84 1
23 64 1
107 83 1
74 104 1
40 24 1
73 80 1
36 44 1
22 11 1
12 53 1
69 36 1
73 33 1
12 132 1
106 59 1
59 99 1
106 74 1
31 9 1
21 35 1
78 44 1
11 85 1
58 24 1
44 27 1
20 92 1
148 9 1
91 65 1
20 195 1
57 66 1
104 99 1
90 58 1
110 57 1
15 110 1
18 190 1
19 107 1
76 72 1
42 72 1
15 159 1
109 16 1
38 20 1
99 6 1
14 93 1
89 28 1
71 84 1
18 96 1
75 17 1
95 82 1
112 26 1
41 18 1
27 67 1
13 172 1
88 83 1
51 73 1
17 41 1
112 105 1
94 41 1
84 7 1
13 61 1
23 100 1
70 65 1
26 43 1
103 11 1
16 13 1
73 76 1
36 64 1
201 7 1
93 17 1
26 90 1
69 24 1
16 156 1
25 98 1
102 80 1
35 25 1
55 74 1
25 19 1
102 35 1
72 18 1
21 71 1
186 6 1
78 8 1
44 104 1
72 97 1
54 49 1
58 60 1
115 5 1
91 60 1
111 49 1
77 65 1
81 6 1
134 8 1
87 40 1
104 48 1
53 25 1
110 106 1
39 26 1
143 8 1
19 22 1
66 7 1
86 66 1
109 99 1
56 17 1
19 135 1
42 44 1
14 142 1
18 53 1
38 48 1
95 33 1
71 56 1
18 68 1
199 7 1
51 52 1
112 6 1
37 73 1
61 83 1
108 82 1
17 21 1
94 5 1
23 27 1
70 18 1
17 166 1
74 81 1
40 65 1
60 28 1
107 27 1
22 64 1
12 110 1
73 104 1
36 100 1
22 51 1
79 6 1
55 57 1
59 58 1
92 34 1
82 8 1
11 12 1
54 98 1
58 97 1
21 91 1
78 100 1
44 76 1
11 157 1
105 74 1
68 90 1
24 32 1
34 73 1
91 24 1
20 20 1
181 7 1
57 9 1
43 42 1
104 44 1
90 67 1
110 6 1
19 50 1
52 42 1
15 166 1
18 134 1
19 163 1
89 43 1
18 25 1
75 72 1
38 92 1
95 5 1
193 5 1
14 21 1
89 84 1
71 28 1
61 6 1
51 16 1
17 96 1
112 34 1
41 106 1
27 11 1
88 11 1
13 69 1
60 32 1
36 9 1
93 40 1
26 99 1
103 83 1
16 85 1
93 89 1
35 64 1
21 157 1
25 90 1
102 24 1
92 6 1
21 14 1
72 42 1
58 5 1
21 127 1
78 64 1
44 48 1
24 60 1
87 99 1
91 100 1
20 40 1
111 105 1
77 9 1
53 32 1
20 159 1
104 8 1
53 81 1
110 34 1
39 34 1
194 9 1
86 27 1
15 21 1
56 90 1
19 78 1
160 8 1
109 43 1
19 191 1
85 66 1
14 70 1
18 125 1
85 51 1
169 8 1
61 42 1
13 135 1
17 76 1
108 11 1
94 50 1
74 6 1
23 67 1
107 82 1
70 90 1
74 105 1
40 25 1
93 12 1
22 8 1
12 54 1
69 35 1
73 32 1
12 133 1
106 56 1
55 97 1
59 98 1
106 75 1
31 8 1
21 34 1
11 84 1
54 42 1
58 25 1
78 92 1
44 20 1
11 165 1
20 93 1
111 28 1
77 92 1
24 24 1
91 64 1
57 65 1
20 179 1
104 100 1
90 59 1
18 191 1
19 106 1
76 73 1
42 73 1
14 179 1
15 158 1
99 9 1
89 99 1
18 97 1
75 16 1
38 100 1
112 27 1
37 84 1
41 17 1
27 66 1
13 171 1
51 72 1
88 84 1
17 40 1
112 106 1
13 60 1
74 58 1
26 40 1
12 75 1
103 10 1
16 14 1
201 6 1
36 65 1
93 16 1
22 20 1
26 91 1
16 157 1
59 17 1
25 97 1
102 81 1
106 28 1
35 24 1
25 18 1
102 32 1
72 19 1
58 74 1
21 70 1
186 7 1
78 9 1
44 105 1
72 98 1
34 34 1
111 48 1
77 64 1
81 5 1
134 9 1
87 43 1
104 49 1
53 24 1
100 5 1
104 64 1
19 25 1
86 67 1
15 77 1
18 163 1
56 18 1
19 134 1
109 98 1
14 143 1
18 50 1
38 49 1
95 32 1
14 62 1
71 59 1
18 69 1
199 6 1
75 60 1
17 123 1
108 60 1
112 7 1
37 72 1
61 82 1
88 48 1
108 83 1
17 20 1
94 10 1
23 26 1
70 19 1
17 165 1
40 66 1
107 26 1
22 65 1
26 12 1
12 111 1
69 106 1
22 48 1
55 56 1
35 52 1
92 35 1
82 9 1
11 15 1
68 52 1
54 99 1
21 90 1
48 8 1
11 156 1
105 73 1
68 91 1
54 18 1
24 33 1
91 27 1
20 21 1
111 84 1
77 100 1
24 80 1
181 6 1
57 8 1
20 132 1
90 64 1
110 7 1
39 57 1
19 53 1
52 43 1
18 135 1
14 107 1
89 42 1
18 22 1
75 75 1
89 91 1
61 5 1
51 19 1
17 103 1
108 32 1
112 35 1
41 105 1
27 10 1
88 12 1
13 68 1
178 5 1
107 105 1
60 33 1
36 10 1
26 96 1
103 82 1
12 19 1
16 86 1
73 11 1
93 88 1
35 67 1
55 28 1
21 156 1
59 89 1
25 89 1
102 25 1
106 84 1
92 7 1
21 13 1
11 43 1
68 40 1
72 43 1
21 126 1
78 65 1
44 49 1
87 98 1
34 106 1
20 41 1
111 104 1
77 8 1
57 36 1
39 76 1
43 9 1
104 9 1
90 36 1
53 80 1
110 35 1
194 6 1
86 24 1
15 20 1
56 91 1
19 81 1
42 82 1
160 9 1
15 133 1
109 42 1
19 190 1
85 65 1
14 71 1
85 50 1
41 52 1
61 41 1
13 134 1
17 67 1
94 51 1
13 23 1
74 7 1
23 66 1
70 91 1
40 26 1
16 35 1
93 11 1
22 9 1
26 68 1
12 55 1
69 34 1
12 134 1
106 57 1
55 96 1
106 72 1
21 33 1
78 50 1
11 87 1
68 12 1
54 43 1
11 164 1
20 94 1
77 91 1
24 25 1
91 67 1
77 44 1
110 76 1
57 64 1
20 188 1
90 56 1
86 36 1
18 188 1
19 109 1
76 74 1
38 10 1
99 8 1
89 98 1
14 35 1
18 94 1
75 19 1
95 92 1
37 83 1
112 28 1
41 16 1
118 6 1
51 75 1
17 47 1
108 104 1
37 36 1
13 59 1
70 52 1
74 59 1
107 49 1
164 8 1
26 41 1
12 68 1
16 15 1
36 66 1
201 5 1
26 88 1
16 158 1
59 16 1
25 96 1
35 27 1
92 88 1
55 68 1
25 17 1
102 33 1
72 20 1
58 75 1
21 69 1
44 106 1
11 115 1
68 96 1
72 99 1
58 58 1
115 7 1
34 35 1
111 51 1
87 42 1
104 50 1
110 104 1
57 92 1
39 20 1
43 81 1
100 6 1
104 65 1
90 28 1
19 24 1
66 5 1
86 64 1
52 80 1
15 76 1
109 97 1
56 19 1
42 42 1
14 140 1
18 51 1
95 35 1
14 63 1
71 58 1
18 66 1
112 56 1
41 12 1
61 81 1
27 33 1
88 49 1
108 76 1
17 11 1
94 11 1
13 95 1
70 16 1
17 164 1
40 67 1
97 7 1
103 41 1
69 105 1
16 107 1
22 49 1
55 59 1
21 135 1
59 60 1
159 9 1
92 60 1
82 6 1
11 14 1
72 48 1
54 96 1
21 89 1
78 106 1
48 9 1
11 159 1
105 72 1
68 68 1
54 19 1
24 34 1
87 89 1
91 26 1
20 22 1
77 99 1
24 81 1
181 5 1
20 133 1
43 44 1
90 65 1
39 56 1
15 51 1
56 64 1
19 52 1
52 52 1
18 132 1
19 165 1
89 41 1
18 23 1
75 74 1
38 82 1
95 7 1
89 90 1
14 27 1
51 18 1
17 102 1
108 33 1
112 36 1
94 84 1
41 104 1
23 57 1
13 67 1
107 104 1
60 34 1
36 11 1
22 98 1
26 97 1
12 12 1
16 87 1
73 10 1
35 66 1
21 155 1
59 88 1
25 88 1
21 12 1
68 41 1
72 44 1
54 76 1
21 125 1
44 50 1
11 187 1
105 36 1
20 42 1
77 7 1
57 43 1
43 8 1
104 10 1
110 32 1
194 7 1
86 25 1
15 23 1
56 92 1
19 80 1
42 83 1
52 8 1
15 132 1
109 41 1
85 64 1
14 68 1
18 123 1
85 49 1
41 59 1
61 40 1
13 133 1
17 66 1
108 5 1
112 64 1
94 48 1
41 68 1
13 22 1
13 103 1
107 84 1
70 88 1
40 27 1
16 36 1
93 10 1
69 33 1
16 179 1
12 135 1
55 99 1
21 191 1
59 100 1
25 52 1
102 58 1
106 73 1
21 32 1
78 51 1
11 86 1
72 72 1
54 40 1
11 167 1
34 28 1
20 95 1
77 90 1
24 26 1
91 66 1
185 9 1
77 43 1
20 189 1
90 57 1
110 60 1
15 107 1
18 189 1
19 108 1
76 75 1
38 11 1
85 100 1
89 97 1
71 81 1
18 95 1
75 18 1
37 82 1
61 76 1
118 7 1
27 68 1
47 9 1
51 74 1
108 105 1
17 46 1
37 35 1
94 44 1
17 191 1
74 56 1
40 104 1
23 97 1
107 48 1
70 68 1
164 9 1
12 69 1
36 67 1
22 42 1
26 89 1
16 159 1
59 19 1
12 171 1
106 26 1
35 26 1
92 89 1
25 16 1
58 72 1
21 68 1
186 5 1
105 83 1
68 97 1
72 100 1
54 52 1
58 59 1
115 6 1
11 195 1
34 32 1
91 49 1
111 50 1
20 115 1
104 51 1
90 106 1
110 105 1
57 99 1
43 80 1
100 7 1
104 66 1
19 27 1
76 24 1
86 65 1
52 81 1
15 79 1
109 96 1
56 20 1
42 43 1
14 141 1
18 48 1
95 34 1
14 60 1
18 67 1
51 57 1
112 57 1
61 80 1
27 32 1
88 50 1
17 10 1
202 6 1
94 8 1
23 20 1
13 94 1
70 17 1
17 155 1
74 92 1
40 68 1
107 28 1
36 16 1
97 6 1
150 8 1
26 10 1
103 40 1
69 104 1
16 108 1
55 58 1
21 134 1
25 67 1
159 8 1
82 7 1
72 49 1
54 97 1
21 88 1
11 158 1
54 16 1
24 35 1
87 88 1
34 68 1
20 23 1
77 98 1
24 82 1
20 134 1
110 5 1
39 59 1
56 65 1
19 55 1
76 60 1
15 163 1
18 133 1
109 68 1
19 164 1
56 48 1
89 40 1
18 20 1
38 83 1
95 6 1
85 28 1
89 89 1
71 25 1
17 101 1
108 34 1
37 106 1
98 8 1
27 12 1
60 76 1
23 56 1
17 135 1
40 32 1
60 35 1
36 52 1
22 99 1
103 76 1
12 13 1
69 76 1
197 7 1
73 9 1
12 156 1
126 6 1
59 91 1
106 82 1
129 9 1
21 11 1
11 45 1
68 42 1
21 124 1
44 51 1
105 43 1
111 5 1
20 68 1
34 104 1
20 43 1
111 106 1
77 6 1
57 42 1
43 11 1
104 11 1
90 34 1
110 33 1
15 22 1
19 83 1
76 32 1
42 80 1
52 9 1
15 135 1
109 40 1
14 69 1
75 105 1
85 48 1
41 58 1
13 132 1
17 65 1
108 6 1
112 65 1
94 49 1
41 75 1
13 21 1
74 5 1
60 80 1
23 92 1
13 102 1
70 89 1
40 28 1
16 37 1
73 84 1
36 40 1
93 9 1
26 66 1
69 32 1
16 180 1
16 195 1
35 97 1
55 98 1
21 190 1
25 59 1
102 59 1
21 47 1
78 48 1
176 8 1
72 73 1
54 41 1
58 36 1
11 166 1
20 88 1
111 25 1
77 89 1
24 27 1
185 8 1
77 42 1
110 82 1
20 190 1
86 58 1
19 111 1
76 68 1
42 52 1
14 182 1
15 155 1
109 12 1
38 8 1
85 99 1
89 96 1
71 80 1
18 92 1
37 81 1
61 75 1
47 8 1
108 106 1
17 45 1
37 34 1
70 42 1
17 190 1
74 57 1
40 105 1
23 96 1
107 51 1
12 70 1
36 76 1
22 43 1
59 18 1
102 84 1
12 164 1
106 27 1
92 90 1
58 73 1
21 67 1
78 12 1
44 100 1
11 117 1
105 82 1
68 98 1
58 56 1
115 9 1
34 33 1
91 48 1
20 124 1
87 36 1
104 52 1
57 98 1
43 83 1
104 67 1
90 26 1
19 26 1
76 25 1
52 82 1
15 78 1
18 158 1
19 139 1
76 104 1
42 40 1
18 49 1
38 52 1
14 61 1
71 52 1
18 64 1
75 49 1
51 56 1
112 58 1
27 35 1
88 51 1
17 9 1
202 7 1
94 9 1
13 93 1
60 24 1
36 17 1
97 5 1
150 9 1
22 68 1
26 11 1
103 43 1
16 109 1
36 96 1
21 133 1
25 66 1
116 5 1
35 57 1
72 50 1
21 103 1
78 104 1
44 72 1
54 17 1
24 36 1
87 91 1
91 28 1
20 16 1
111 81 1
77 97 1
24 83 1
20 135 1
104 16 1
110 10 1
39 58 1
15 61 1
56 66 1
19 54 1
86 98 1
109 67 1
56 49 1
19 167 1
42 12 1
14 110 1
18 21 1
75 76 1
38 80 1
85 27 1
89 88 1
71 24 1
13 159 1
88 96 1
51 20 1
17 100 1
108 35 1
37 105 1
94 90 1
98 9 1
23 59 1
64 8 1
107 106 1
17 134 1
40 33 1
60 60 1
93 36 1
22 96 1
12 14 1
69 75 1
197 6 1
73 8 1
12 157 1
126 7 1
35 68 1
55 25 1
59 90 1
102 28 1
106 83 1
129 8 1
21 10 1
11 44 1
68 43 1
54 66 1
21 123 1
78 68 1
44 44 1
11 189 1
105 42 1
20 69 1
34 105 1
20 52 1
77 5 1
53 44 1
57 41 1
20 155 1
39 73 1
43 10 1
104 12 1
90 35 1
194 5 1
19 82 1
76 33 1
42 81 1
52 10 1
15 134 1
19 195 1
89 11 1
75 104 1
41 57 1
13 131 1
108 7 1
17 64 1
112 66 1
41 74 1
13 20 1
60 81 1
13 101 1
16 38 1
73 91 1
36 41 1
93 8 1
22 12 1
26 67 1
16 181 1
73 36 1
59 9 1
106 36 1
16 196 1
35 96 1
21 189 1
25 58 1
102 56 1
21 46 1
78 49 1
176 9 1
72 74 1
44 16 1
34 26 1
20 89 1
111 24 1
77 88 1
24 28 1
91 68 1
77 41 1
110 83 1
20 191 1
104 104 1
133 9 1
86 59 1
15 117 1
18 187 1
19 110 1
14 183 1
109 11 1
38 9 1
85 98 1
14 38 1
71 83 1
18 93 1
75 20 1
95 89 1
37 80 1
61 74 1
118 5 1
88 88 1
13 167 1
51 76 1
17 44 1
37 33 1
94 18 1
70 43 1
17 189 1
40 106 1
23 99 1
107 50 1
26 52 1
12 71 1
22 40 1
12 165 1
106 24 1
35 28 1
92 91 1
55 65 1
102 36 1
21 66 1
11 116 1
105 81 1
68 99 1
54 10 1
58 57 1
115 8 1
11 197 1
91 51 1
20 125 1
111 60 1
90 104 1
53 100 1
57 97 1
39 17 1
43 82 1
104 68 1
90 27 1
19 29 1
76 26 1
52 83 1
180 8 1
18 159 1
76 105 1
42 41 1
14 147 1
18 46 1
95 44 1
89 67 1
18 65 1
75 48 1
51 59 1
17 127 1
108 56 1
112 59 1
27 34 1
88 52 1
13 203 1
17 8 1
13 92 1
74 90 1
60 25 1
36 18 1
26 8 1
103 42 1
12 107 1
16 110 1
73 19 1
36 97 1
22 52 1
55 52 1
21 132 1
59 49 1
116 6 1
25 65 1
35 56 1
82 5 1
68 48 1
72 51 1
58 106 1
21 102 1
78 105 1
44 73 1
87 90 1
34 66 1
20 17 1
111 80 1
77 96 1
24 84 1
57 12 1
43 33 1
104 17 1
90 76 1
110 11 1
15 60 1
56 67 1
19 57 1
86 99 1
15 173 1
18 131 1
56 50 1
19 166 1
113 7 1
109 66 1
14 111 1
18 18 1
38 81 1
85 26 1
14 30 1
71 27 1
13 158 1
88 97 1
17 91 1
108 28 1
37 104 1
94 91 1
98 6 1
88 16 1
23 58 1
64 9 1
17 133 1
40 34 1
16 59 1
93 35 1
22 97 1
12 15 1
69 74 1
197 5 1
93 84 1
12 158 1
55 24 1
106 80 1
21 9 1
11 47 1
68 20 1
54 67 1
11 188 1
105 41 1
111 7 1
20 70 1
20 53 1
53 43 1
57 40 1
20 164 1
39 72 1
90 32 1
53 92 1
86 28 1
52 100 1
19 85 1
76 34 1
52 11 1
14 75 1
89 10 1
18 118 1
95 100 1
41 56 1
17 71 1
37 12 1
112 67 1
41 73 1
13 19 1
60 82 1
13 100 1
107 73 1
12 92 1
16 39 1
73 90 1
36 42 1
93 7 1
26 64 1
12 51 1
16 182 1
73 43 1
59 8 1
16 197 1
35 99 1
21 188 1
25 57 1
102 57 1
21 45 1
11 75 1
68 8 1
72 75 1
58 34 1
44 17 1
34 27 1
20 90 1
111 27 1
77 40 1
110 80 1
57 68 1
43 105 1
104 105 1
133 8 1
86 56 1
15 116 1
42 50 1
14 180 1
109 10 1
18 203 1
85 97 1
14 39 1
71 82 1
18 90 1
95 88 1
112 16 1
41 20 1
61 73 1
27 89 1
88 89 1
13 166 1
108 100 1
17 35 1
37 32 1
94 19 1
13 55 1
70 40 1
17 188 1
23 98 1
201 9 1
22 41 1
59 20 1
25 100 1
102 74 1
12 166 1
106 25 1
92 84 1
55 64 1
72 24 1
21 65 1
78 18 1
11 119 1
105 80 1
54 11 1
11 196 1
91 50 1
20 126 1
63 9 1
90 105 1
53 99 1
57 96 1
39 16 1
90 24 1
19 28 1
76 27 1
86 68 1
52 92 1
180 9 1
18 156 1
19 141 1
76 106 1
18 47 1
38 42 1
89 66 1
75 51 1
51 58 1
17 126 1
108 57 1
112 60 1
108 72 1
17 15 1
202 5 1
23 17 1
13 91 1
70 20 1
74 91 1
60 26 1
107 17 1
36 19 1
22 90 1
26 9 1
12 100 1
16 111 1
73 18 1
36 98 1
21 131 1
59 48 1
116 7 1
25 64 1
35 59 1
92 56 1
68 49 1
72 52 1
54 100 1
21 101 1
44 74 1
11 147 1
105 76 1
68 64 1
34 67 1
20 18 1
111 83 1
57 19 1
43 32 1
104 18 1
110 8 1
39 52 1
15 63 1
56 68 1
19 56 1
86 96 1
52 48 1
15 172 1
109 65 1
56 51 1
113 6 1
166 8 1
42 10 1
14 108 1
18 19 1
85 25 1
14 31 1
71 26 1
13 157 1
88 98 1
17 90 1
112 88 1
94 88 1
98 7 1
88 17 1
13 127 1
17 132 1
40 35 1
16 60 1
93 34 1
103 73 1
69 73 1
16 75 1
93 83 1
12 159 1
126 5 1
55 27 1
21 167 1
59 92 1
25 92 1
102 18 1
106 81 1
92 28 1
21 8 1
11 46 1
72 80 1
54 64 1
78 74 1
11 191 1
105 40 1
111 6 1
20 71 1
20 54 1
53 42 1
20 165 1
39 75 1
114 8 1
43 12 1
90 33 1
53 91 1
110 36 1
15 19 1
56 96 1
19 84 1
76 35 1
52 20 1
19 197 1
85 76 1
89 9 1
71 105 1
18 119 1
75 106 1
61 36 1
17 70 1
145 9 1
37 11 1
112 68 1
94 52 1
41 72 1
60 83 1
23 89 1
13 99 1
107 72 1
70 92 1
127 5 1
12 93 1
103 28 1
73 89 1
36 43 1
93 6 1
26 65 1
12 44 1
16 183 1
73 42 1
59 11 1
12 131 1
106 34 1
35 98 1
21 187 1
25 56 1
21 44 1
68 9 1
72 76 1
54 44 1
58 35 1
44 18 1
34 24 1
91 41 1
20 91 1
111 26 1
110 81 1
57 75 1
43 104 1
104 106 1
86 57 1
15 119 1
42 51 1
14 181 1
109 9 1
85 96 1
14 36 1
18 91 1
95 91 1
51 33 1
112 17 1
41 27 1
61 72 1
27 88 1
88 90 1
13 165 1
17 34 1
112 96 1
94 16 1
23 12 1
13 54 1
70 41 1
17 179 1
74 36 1
107 52 1
26 50 1
201 8 1
93 106 1
16 147 1
102 75 1
12 167 1
55 67 1
25 20 1
72 25 1
58 84 1
21 64 1
78 19 1
11 118 1
72 104 1
54 8 1
34 60 1
20 127 1
87 33 1
63 8 1
53 98 1
39 19 1
43 84 1
90 25 1
19 31 1
76 20 1
15 75 1
18 157 1
109 92 1
19 140 1
56 24 1
18 44 1
38 43 1
89 65 1
71 49 1
75 50 1
17 125 1
108 58 1
27 36 1
108 73 1
17 14 1
94 12 1
23 16 1
17 159 1
74 88 1
40 72 1
60 27 1
107 16 1
36 28 1
22 91 1
12 101 1
103 36 1
69 84 1
73 17 1
36 99 1
59 51 1
35 58 1
92 57 1
68 50 1
58 104 1
21 100 1
44 75 1
105 51 1
68 65 1
54 20 1
101 7 1
87 84 1
34 64 1
91 17 1
128 5 1
20 19 1
111 82 1
57 18 1
43 35 1
104 19 1
33 9 1
90 74 1
110 9 1
15 62 1
19 59 1
76 56 1
86 97 1
52 49 1
15 175 1
109 64 1
56 52 1
113 5 1
166 9 1
42 11 1
14 109 1
89 44 1
18 16 1
75 65 1
85 24 1
14 28 1
13 156 1
51 25 1
88 99 1
17 89 1
112 89 1
94 89 1
41 83 1
88 18 1
60 72 1
23 52 1
13 126 1
40 36 1
16 61 1
36 48 1
93 33 1
26 106 1
103 72 1
69 72 1
16 76 1
93 82 1
35 73 1
55 26 1
21 166 1
25 35 1
102 19 1
21 23 1
72 81 1
54 65 1
58 12 1
78 75 1
11 190 1
20 64 1
34 100 1
20 55 1
53 41 1
20 166 1
39 74 1
114 9 1
53 90 1
80 8 1
86 18 1
56 97 1
19 87 1
76 92 1
42 92 1
15 131 1
109 36 1
19 196 1
85 75 1
89 8 1
71 104 1
18 116 1
85 60 1
61 35 1
17 69 1
145 8 1
37 10 1
23 88 1
107 75 1
12 94 1
73 88 1
36 84 1
93 5 1
12 45 1
69 44 1
73 41 1
59 10 1
12 188 1
106 35 1
21 43 1
78 52 1
11 77 1
68 10 1
58 32 1
44 19 1
105 11 1
34 25 1
91 40 1
20 100 1
87 28 1
91 89 1
20 203 1
57 74 1
15 118 1
18 182 1
19 115 1
76 64 1
42 48 1
109 8 1
38 12 1
14 37 1
89 100 1
71 76 1
18 88 1
75 9 1
95 90 1
51 32 1
112 18 1
41 26 1
27 91 1
88 91 1
13 164 1
51 81 1
17 33 1
112 97 1
94 17 1
13 53 1
26 51 1
36 72 1
93 105 1
16 148 1
25 106 1
102 72 1
55 66 1
149 9 1
25 27 1
72 26 1
21 79 1
78 16 1
44 96 1
72 105 1
54 9 1
91 52 1
111 57 1
87 32 1
104 56 1
53 97 1
39 18 1
15 37 1
19 30 1
86 90 1
109 91 1
56 25 1
19 143 1
76 100 1
42 20 1
14 150 1
18 45 1
38 40 1
95 41 1
89 64 1
71 48 1
51 60 1
17 124 1
108 59 1
94 98 1
108 74 1
17 13 1
131 5 1
23 19 1
70 10 1
17 158 1
74 89 1
40 73 1
60 20 1
107 19 1
22 88 1
12 102 1
69 83 1
73 16 1
55 49 1
59 50 1
92 58 1
68 51 1
196 8 1
58 105 1
21 99 1
44 68 1
11 149 1
105 50 1
68 66 1
24 40 1
101 6 1
34 65 1
91 16 1
128 6 1
20 28 1
57 17 1
20 131 1
43 34 1
104 20 1
33 8 1
90 75 1
19 58 1
76 57 1
14 195 1
52 50 1
15 174 1
19 171 1
42 8 1
89 51 1
18 17 1
75 64 1
38 84 1
14 29 1
89 92 1
71 20 1
88 100 1
13 155 1
51 24 1
17 88 1
112 90 1
41 82 1
98 5 1
88 19 1
60 73 1
13 125 1
60 56 1
16 62 1
36 49 1
93 32 1
22 100 1
103 75 1
16 77 1
73 12 1
93 81 1
35 72 1
21 165 1
25 34 1
102 16 1
21 22 1
72 82 1
78 72 1
44 40 1
20 65 1
20 48 1
53 40 1
20 167 1
114 6 1
53 89 1
110 42 1
80 9 1
86 19 1
15 29 1
56 98 1
19 86 1
109 35 1
85 74 1
14 78 1
18 117 1
95 97 1
85 59 1
61 34 1
13 191 1
88 64 1
17 68 1
37 9 1
94 58 1
23 91 1
107 74 1
70 82 1
127 7 1
12 95 1
12 46 1
69 43 1
73 40 1
12 189 1
106 32 1
35 100 1
102 60 1
21 42 1
11 76 1
68 11 1
54 34 1
58 33 1
44 12 1
105 10 1
91 43 1
20 101 1
111 36 1
77 84 1
24 96 1
91 88 1
53 12 1
57 73 1
20 187 1
39 105 1
43 106 1
18 183 1
76 65 1
42 49 1
14 187 1
109 7 1
95 52 1
18 89 1
75 8 1
51 35 1
37 92 1
112 19 1
41 25 1
27 90 1
13 163 1
51 80 1
88 92 1
17 32 1
112 98 1
84 8 1
13 52 1
74 34 1
26 48 1
12 67 1
36 73 1
93 104 1
22 44 1
16 149 1
55 44 1
59 41 1
25 105 1
102 73 1
149 8 1
25 26 1
11 27 1
72 27 1
58 82 1
21 78 1
78 17 1
44 97 1
72 106 1
34 58 1
111 56 1
87 35 1
43 57 1
104 57 1
53 96 1
104 72 1
15 36 1
19 33 1
86 91 1
15 85 1
109 90 1
56 26 1
19 142 1
18 155 1
14 151 1
18 42 1
38 41 1
95 40 1
71 51 1
75 52 1
17 115 1
108 52 1
94 99 1
61 106 1
88 56 1
108 75 1
17 12 1
23 18 1
70 11 1
17 157 1
40 74 1
107 18 1
22 89 1
26 20 1
12 103 1
69 82 1
93 76 1
79 9 1
55 48 1
35 60 1
92 59 1
135 9 1
68 60 1
196 9 1
21 98 1
11 148 1
105 49 1
68 67 1
24 41 1
101 5 1
91 19 1
128 7 1
20 29 1
111 92 1
77 28 1
24 88 1
57 16 1
20 140 1
90 72 1
53 68 1
39 49 1
19 61 1
76 58 1
52 51 1
42 9 1
14 115 1
89 50 1
18 14 1
75 67 1
95 12 1
51 27 1
17 95 1
108 24 1
112 91 1
37 20 1
41 81 1
88 20 1
60 74 1
13 124 1
107 97 1
60 57 1
16 63 1
36 50 1
26 104 1
103 74 1
12 11 1
16 78 1
73 51 1
93 80 1
126 8 1
35 75 1
92 104 1
55 20 1
21 164 1
59 81 1
25 33 1
102 17 1
106 92 1
21 21 1
11 35 1
68 16 1
72 83 1
182 8 1
58 10 1
78 73 1
44 41 1
20 66 1
24 5 1
34 98 1
20 49 1
57 44 1
114 7 1
39 68 1
90 44 1
53 88 1
110 43 1
86 16 1
52 96 1
15 28 1
56 99 1
19 89 1
42 90 1
15 141 1
109 34 1
28 8 1
85 73 1
14 79 1
71 106 1
95 96 1
85 58 1
41 60 1
61 33 1
88 65 1
13 190 1
17 59 1
37 8 1
94 59 1
13 15 1
23 90 1
70 83 1
127 6 1
103 25 1
16 27 1
26 76 1
12 47 1
69 42 1
59 12 1
12 190 1
106 33 1
92 76 1
21 41 1
78 58 1
11 79 1
54 35 1
105 9 1
91 42 1
20 102 1
77 83 1
24 97 1
91 91 1
77 36 1
161 9 1
53 11 1
110 84 1
57 72 1
39 104 1
86 60 1
52 68 1
18 180 1
19 117 1
76 66 1
109 6 1
89 106 1
14 43 1
18 86 1
75 11 1
95 68 1
51 34 1
37 91 1
112 20 1
41 24 1
51 83 1
17 39 1
108 96 1
112 99 1
37 44 1
23 9 1
84 9 1
13 51 1
70 44 1
74 35 1
107 41 1
26 49 1
12 124 1
36 74 1
16 150 1
59 40 1
25 104 1
92 80 1
55 92 1
25 25 1
72 28 1
58 83 1
21 77 1
44 98 1
11 107 1
105 84 1
68 104 1
125 9 1
34 59 1
111 59 1
134 6 1
87 34 1
43 56 1
104 58 1
57 100 1
39 12 1
43 73 1
104 73 1
15 39 1
19 32 1
86 88 1
52 88 1
15 84 1
109 89 1
56 27 1
42 18 1
14 148 1
15 197 1
18 43 1
95 43 1
71 50 1
112 48 1
94 96 1
61 105 1
27 57 1
88 57 1
108 68 1
131 7 1
13 87 1
70 8 1
17 156 1
40 75 1
103 33 1
69 81 1
16 99 1
93 75 1
79 8 1
55 51 1
21 143 1
59 52 1
25 68 1
102 106 1
92 52 1
135 8 1
72 56 1
21 97 1
11 151 1
105 48 1
68 76 1
24 42 1
87 81 1
91 18 1
20 30 1
77 27 1
24 89 1
20 141 1
43 36 1
90 73 1
53 67 1
110 12 1
39 48 1
15 59 1
56 72 1
19 60 1
76 59 1
86 100 1
52 60 1
19 173 1
89 49 1
18 15 1
75 66 1
38 74 1
203 9 1
61 28 1
51 26 1
17 94 1
108 25 1
37 19 1
112 92 1
94 92 1
41 80 1
27 5 1
60 75 1
23 49 1
13 123 1
107 96 1
60 58 1
117 7 1
144 5 1
36 51 1
26 105 1
16 79 1
73 50 1
49 9 1
12 155 1
126 9 1
35 74 1
92 105 1
21 163 1
59 80 1
25 32 1
92 24 1
21 20 1
68 17 1
72 84 1
54 68 1
182 9 1
58 11 1
44 42 1
11 179 1
105 44 1
20 67 1
24 6 1
34 99 1
20 50 1
57 51 1
110 40 1
86 17 1
52 97 1
15 31 1
56 100 1
19 88 1
42 91 1
52 16 1
15 140 1
109 33 1
28 9 1
85 72 1
14 76 1
18 115 1
95 99 1
85 57 1
41 35 1
61 32 1
88 66 1
13 189 1
17 58 1
94 56 1
41 76 1
13 14 1
17 203 1
74 12 1
107 76 1
70 80 1
103 24 1
16 28 1
103 105 1
69 41 1
16 171 1
12 191 1
96 8 1
25 60 1
102 50 1
21 40 1
78 59 1
11 78 1
54 32 1
105 8 1
34 20 1
20 103 1
77 82 1
24 98 1
87 25 1
91 90 1
77 35 1
161 8 1
53 10 1
15 115 1
18 181 1
19 116 1
76 67 1
109 5 1
18 196 1
89 105 1
71 73 1
18 87 1
75 10 1
37 90 1
61 68 1
27 92 1
51 82 1
17 38 1
108 97 1
37 43 1
112 100 1
94 20 1
23 8 1
17 183 1
74 32 1
40 80 1
107 40 1
12 125 1
103 60 1
36 75 1
22 34 1
16 151 1
59 43 1
12 163 1
92 81 1
25 24 1
11 29 1
58 80 1
21 76 1
44 99 1
105 91 1
68 105 1
125 8 1
54 12 1
87 76 1
34 56 1
91 9 1
20 123 1
111 58 1
134 7 1
43 59 1
104 59 1
43 72 1
104 74 1
15 38 1
19 35 1
76 16 1
86 89 1
52 89 1
15 87 1
109 88 1
56 28 1
42 19 1
32 5 1
14 149 1
15 196 1
18 40 1
75 89 1
95 42 1
112 49 1
165 9 1
94 97 1
61 104 1
27 56 1
13 197 1
88 58 1
131 6 1
23 44 1
13 86 1
70 9 1
17 147 1
74 68 1
40 76 1
107 20 1
36 24 1
26 18 1
103 32 1
69 80 1
16 100 1
93 74 1
35 81 1
55 50 1
21 142 1
25 75 1
72 57 1
21 96 1
11 150 1
24 43 1
87 80 1
34 92 1
20 31 1
77 26 1
24 90 1
20 142 1
53 66 1
147 5 1
39 51 1
86 10 1
56 73 1
19 63 1
76 52 1
42 100 1
15 171 1
109 60 1
56 56 1
19 172 1
89 48 1
18 12 1
38 75 1
203 8 1
85 36 1
71 17 1
61 27 1
17 93 1
108 26 1
37 18 1
60 68 1
23 48 1
107 99 1
40 40 1
60 59 1
117 6 1
144 6 1
36 60 1
103 68 1
69 52 1
73 49 1
49 8 1
12 148 1
92 106 1
59 83 1
106 90 1
92 25 1
21 19 1
11 37 1
68 18 1
58 8 1
44 43 1
105 19 1
20 76 1
24 7 1
34 96 1
20 51 1

59 0 0
5 68 0
3 35 0
0 20 0
41 2 0
5 44 0
4 36 0
3 52 0
2 84 0
62 2 0
0 76 0
1 83 0
2 67 0
25 1 0
74 1 0
93 2 0
2 5 0
1 11 0
0 61 0
27 2 0
3 69 0
4 93 0
77 1 0
9 0 0
5 5 0
4 19 0
3 45 0
79 2 0
1 45 0
0 83 0
40 0 0
61 0 0
5 84 0
3 51 0
1 28 0
0 4 0
24 1 0
92 0 0
5 60 0
4 52 0
2 27 0
2 68 0
74 2 0
1 67 0
27 1 0
8 2 0
76 1 0
5 11 0
4 5 0
2 53 0
1 59 0
0 45 0
5 77 0
6 0 0
3 85 0
11 0 0
60 2 0
79 1 0
5 21 0
4 35 0
3 61 0
42 0 0
0 67 0
91 2 0
96 2 0
1 84 0
3 12 0
2 28 0
1 12 0
0 52 0
26 1 0
45 2 0
94 0 0
4 68 0
2 11 0
78 1 0
2 99 0
5 27 0
4 21 0
2 37 0
1 43 0
0 93 0
5 93 0
1 21 0
0 27 0
91 1 0
5 37 0
4 51 0
44 0 0
3 11 0
1 68 0
26 2 0
75 0 0
4 12 0
3 28 0
2 12 0
1 60 0
0 36 0
28 1 0
57 2 0
4 84 0
2 59 0
78 2 0
7 2 0
5 67 0
1 99 0
0 21 0
41 1 0
5 43 0
4 37 0
2 85 0
43 2 0
0 77 0
1 5 0
0 11 0
25 0 0
93 1 0
5 53 0
4 67 0
95 2 0
0 99 0
3 68 0
3 27 0
77 0 0
5 4 0
4 28 0
3 44 0
2 60 0
1 44 0
0 84 0
7 1 0
40 1 0
2 43 0
5 83 0
1 19 0
0 5 0
24 2 0
43 1 0
5 59 0
4 53 0
1 93 0
2 69 0
92 1 0
4 11 0
3 5 0
27 0 0
1 53 0
0 59 0
76 2 0
95 1 0
3 67 0
4 83 0
9 2 0
58 0 0
5 76 0
6 1 0
3 84 0
3 43 0
79 0 0
5 20 0
4 44 0
3 60 0
2 44 0
42 1 0
0 68 0
61 2 0
2 91 0
5 99 0
45 1 0
2 29 0
1 3 0
0 53 0
94 1 0
3 77 0
4 69 0
1 77 0
8 0 0
5 13 0
4 27 0
3 21 0
1 37 0
0 43 0
6 2 0
3 83 0
4 99 0
60 0 0
5 92 0
3 59 0
1 20 0
0 28 0
42 2 0
91 0 0
5 36 0
4 60 0
2 19 0
2 92 0
44 1 0
96 0 0
1 91 0
2 75 0
94 2 0
23 2 0
4 13 0
28 2 0
2 13 0
1 51 0
0 37 0
57 1 0
3 93 0
4 85 0
10 0 0
59 2 0
5 29 0
4 43 0
3 37 0
0 91 0
41 0 0
3 99 0
62 0 0
2 20 0
1 4 0
0 12 0
93 0 0
5 52 0
4 76 0
2 3 0
2 76 0
23 1 0
1 75 0
5 3 0
4 29 0
2 61 0
1 35 0
0 85 0
5 69 0
7 0 0
40 2 0
59 1 0
0 19 0
5 45 0
4 59 0
3 53 0
43 0 0
92 2 0
0 75 0
1 92 0
25 2 0
74 0 0
3 4 0
2 4 0
1 52 0
0 60 0
95 0 0
4 92 0
2 51 0
9 1 0
58 1 0
5 75 0
77 2 0
11 2 0
5 19 0
4 45 0
61 1 0
2 45 0
0 69 0
5 85 0
1 29 0
0 3 0
24 0 0
5 61 0
4 75 0
45 0 0
3 76 0
3 3 0
1 76 0
76 0 0
8 1 0
5 12 0
4 4 0
3 20 0
2 52 0
1 36 0
0 44 0
58 2 0
11 1 0
2 35 0
60 1 0
5 91 0
0 29 0
5 35 0
4 61 0
1 85 0
2 93 0
44 2 0
96 1 0
3 13 0
1 13 0
0 51 0
26 0 0
75 2 0
3 75 0
4 91 0
57 0 0
3 92 0
3 19 0
10 1 0
78 0 0
5 28 0
4 20 0
3 36 0
2 36 0
0 92 0
62 1 0
2 83 0
2 21 0
1 27 0
0 13 0
5 51 0
4 77 0
1 69 0
2 77 0
75 1 0
23 0 0
4 3 0
3 29 0
28 0 0
1 61 0
0 35 0
3 91 0
10 2 0

34 7 0
14 17 0
14 74 0
55 5 0
36 6 0
15 89 0
16 9 0
17 7 0
37 7 0
12 89 0
11 73 0
15 74 0
13 17 0
20 7 0
11 90 0
16 90 0
15 50 0
22 6 0
21 6 0
104 6 0
16 50 0
13 32 0
105 7 0
11 48 0
12 40 0
13 98 0
14 80 0
88 7 0
12 64 0
14 18 0
13 58 0
89 6 0
86 5 0
16 65 0
90 5 0
12 17 0
15 73 0
16 25 0
13 73 0
73 5 0
11 89 0
15 49 0
12 34 0
11 42 0
15 34 0
11 104 0
15 96 0
14 24 0
13 48 0
12 56 0
14 64 0
12 80 0
85 6 0
86 6 0
90 6 0
13 10 0
72 5 0
87 7 0
16 81 0
14 49 0
70 7 0
69 5 0
51 6 0
12 97 0
16 41 0
13 89 0
11 98 0
11 41 0
56 6 0
71 6 0
15 33 0
12 50 0
11 58 0
13 104 0
12 74 0
15 16 0
14 8 0
38 5 0
12 8 0
11 16 0
16 16 0
13 66 0
68 5 0
14 50 0
13 26 0
51 5 0
16 97 0
14 33 0
71 5 0
11 97 0
52 6 0
16 57 0
13 41 0
11 57 0
53 7 0
15 26 0
11 10 0
36 7 0
15 88 0
16 10 0
17 6 0
38 6 0
11 72 0
19 7 0
37 6 0
16 72 0
18 5 0
14 56 0
13 16 0
12 24 0
39 7 0
12 90 0
16 32 0
22 7 0
21 5 0
104 7 0
13 82 0
14 96 0
14 34 0
105 6 0
12 41 0
102 5 0
107 7 0
13 97 0
106 5 0
12 65 0
14 81 0
15 25 0
13 57 0
11 66 0
11 9 0
89 5 0
16 66 0
15 10 0
12 18 0
11 26 0
18 6 0
15 72 0
16 26 0
13 72 0
20 5 0
11 88 0
16 88 0
15 48 0
14 40 0
12 104 0
16 48 0
13 34 0
102 6 0
14 25 0
106 6 0
88 5 0
14 82 0
103 7 0
12 57 0
14 65 0
11 65 0
12 81 0
85 5 0
86 7 0
15 9 0
90 7 0
13 9 0
87 6 0
11 25 0
11 82 0
16 82 0
15 58 0
73 7 0
72 6 0
12 98 0
16 42 0
56 7 0
13 88 0
12 32 0
11 40 0
16 104 0
15 32 0
14 88 0
54 5 0
14 26 0
13 50 0
14 9 0
14 66 0
12 9 0
15 81 0
16 17 0
13 65 0
11 81 0
87 5 0
68 6 0
15 66 0
15 57 0
13 25 0
11 34 0
69 7 0
16 98 0
15 42 0
11 96 0
52 7 0
15 104 0
16 58 0
13 40 0
12 48 0
54 6 0
35 7 0
53 6 0
11 56 0
34 5 0
14 72 0
55 7 0
12 72 0
17 5 0
14 10 0
38 7 0
37 5 0
19 6 0
16 73 0
14 57 0
39 6 0
12 25 0
15 65 0
16 33 0
13 81 0
14 97 0
11 33 0
15 41 0
105 5 0
11 50 0
12 42 0
13 96 0
107 6 0
12 66 0
34 6 0
15 24 0
14 16 0
13 56 0
36 5 0
11 8 0
16 8 0
12 88 0
18 7 0
19 5 0
14 58 0
13 18 0
20 6 0
15 82 0
39 5 0
16 89 0
14 41 0
14 98 0
104 5 0
21 7 0
16 49 0
13 33 0
11 49 0
102 7 0
15 98 0
107 5 0
106 7 0
88 6 0
103 6 0
12 58 0
89 7 0
11 64 0
12 82 0
16 64 0
15 8 0
72 7 0
12 16 0
13 8 0
11 24 0
16 24 0
13 74 0
14 104 0
70 5 0
73 6 0
14 42 0
12 33 0
14 89 0
15 97 0
13 49 0
103 5 0
15 18 0
12 10 0
11 18 0
85 7 0
15 80 0
16 18 0
13 64 0
11 80 0
68 7 0
16 80 0
15 56 0
14 48 0
13 24 0
12 96 0
70 6 0
51 7 0
69 6 0
16 40 0
13 90 0
71 7 0
56 5 0
14 90 0
54 7 0
53 5 0
35 6 0
12 49 0
14 73 0
55 6 0
12 73 0
15 90 0
15 17 0
11 74 0
11 17 0
16 74 0
12 26 0
15 64 0
16 34 0
22 5 0
13 80 0
11 32 0
16 96 0
15 40 0
14 32 0
52 5 0
16 56 0
13 42 0
35 5 0

