161 99 1
90 187 1
53 53 1
181 96 1
57 50 1
100 112 1
90 42 1
53 166 1
143 36 1
147 33 1
57 163 1
119 165 1
194 28 1
123 174 1
86 22 1
214 91 1
38 149 1
62 31 1
123 31 1
146 42 1
166 41 1
132 105 1
85 87 1
160 114 1
217 71 1
38 119 1
95 98 1
99 103 1
145 115 1
165 112 1
41 34 1
118 48 1
122 63 1
175 43 1
216 56 1
37 54 1
131 49 1
41 179 1
212 44 1
178 76 1
127 179 1
37 135 1
117 105 1
121 110 1
84 102 1
74 156 1
150 89 1
69 135 1
197 82 1
144 98 1
73 92 1
201 23 1
83 23 1
36 167 1
55 197 1
183 48 1
45 47 1
106 47 1
159 59 1
126 42 1
163 60 1
120 127 1
45 64 1
196 60 1
200 55 1
105 126 1
68 118 1
196 67 1
125 99 1
128 163 1
58 44 1
78 171 1
152 41 1
34 21 1
91 44 1
128 82 1
152 88 1
134 24 1
67 71 1
195 26 1
185 16 1
77 34 1
218 72 1
91 202 1
110 90 1
114 41 1
39 106 1
80 89 1
167 49 1
63 96 1
104 111 1
124 114 1
33 53 1
56 146 1
184 71 1
66 55 1
33 166 1
52 70 1
180 51 1
109 115 1
113 112 1
76 124 1
42 60 1
119 62 1
86 173 1
142 115 1
51 183 1
199 23 1
65 23 1
179 27 1
75 154 1
94 138 1
169 81 1
98 89 1
61 67 1
47 16 1
88 95 1
51 85 1
108 98 1
40 194 1
61 180 1
88 206 1
107 154 1
50 54 1
107 43 1
70 189 1
127 36 1
103 63 1
130 17 1
163 75 1
220 104 1
59 42 1
116 41 1
210 82 1
49 80 1
72 143 1
92 82 1
55 94 1
220 31 1
116 88 1
82 24 1
72 30 1
182 71 1
115 96 1
78 20 1
44 92 1
101 157 1
48 103 1
176 44 1
34 198 1
72 109 1
115 17 1
209 52 1
87 79 1
162 98 1
148 49 1
58 179 1
101 127 1
181 55 1
111 170 1
43 58 1
63 55 1
161 43 1
90 115 1
53 109 1
181 88 1
87 173 1
57 106 1
76 130 1
43 75 1
53 158 1
143 28 1
147 89 1
119 109 1
194 68 1
123 86 1
86 94 1
85 158 1
160 75 1
146 114 1
203 111 1
166 113 1
42 163 1
132 33 1
122 149 1
213 58 1
95 186 1
47 71 1
175 114 1
216 65 1
145 59 1
71 189 1
37 125 1
112 50 1
41 122 1
95 203 1
122 119 1
202 15 1
37 206 1
41 139 1
84 47 1
212 100 1
178 20 1
127 75 1
117 33 1
121 38 1
69 206 1
144 27 1
73 139 1
121 151 1
50 173 1
69 95 1
197 42 1
73 20 1
201 47 1
159 98 1
126 19 1
106 103 1
126 98 1
129 36 1
96 49 1
149 41 1
120 183 1
68 63 1
196 116 1
200 79 1
54 126 1
105 54 1
68 78 1
125 43 1
128 107 1
152 97 1
134 81 1
105 199 1
158 91 1
34 93 1
125 156 1
91 20 1
128 26 1
39 204 1
67 31 1
90 164 1
110 163 1
185 72 1
167 104 1
124 75 1
110 18 1
114 113 1
39 50 1
80 33 1
133 57 1
104 167 1
123 133 1
124 186 1
52 143 1
180 68 1
214 60 1
56 74 1
62 96 1
89 134 1
52 62 1
109 59 1
113 56 1
86 213 1
89 55 1
142 43 1
109 204 1
75 68 1
179 34 1
94 179 1
169 24 1
61 26 1
118 213 1
179 83 1
108 27 1
75 162 1
94 66 1
61 139 1
88 23 1
141 51 1
108 170 1
40 154 1
168 111 1
50 111 1
88 134 1
107 98 1
93 139 1
60 52 1
70 133 1
36 61 1
93 60 1
97 57 1
103 71 1
126 188 1
183 47 1
102 133 1
49 15 1
177 82 1
92 107 1
220 80 1
59 82 1
116 97 1
82 81 1
210 26 1
72 199 1
92 26 1
48 80 1
34 159 1
72 86 1
182 15 1
115 88 1
78 76 1
44 36 1
101 213 1
48 47 1
158 36 1
162 59 1
77 172 1
81 41 1
101 38 1
87 119 1
110 204 1
161 98 1
181 111 1
100 113 1
63 79 1
90 43 1
53 165 1
57 162 1
147 32 1
76 202 1
86 23 1
143 84 1
119 85 1
123 30 1
86 134 1
146 43 1
99 25 1
193 76 1
85 86 1
160 115 1
71 103 1
203 55 1
118 134 1
122 205 1
145 114 1
118 49 1
175 42 1
216 57 1
71 133 1
37 53 1
112 122 1
41 178 1
131 48 1
192 34 1
127 178 1
37 134 1
202 71 1
131 65 1
41 195 1
117 104 1
121 109 1
84 103 1
70 86 1
164 31 1
117 25 1
211 92 1
46 31 1
69 134 1
144 99 1
73 67 1
106 157 1
69 23 1
73 44 1
159 58 1
126 43 1
55 117 1
200 56 1
129 108 1
149 97 1
105 125 1
68 119 1
196 76 1
125 98 1
128 164 1
54 38 1
215 81 1
128 83 1
58 156 1
152 89 1
134 25 1
67 70 1
105 159 1
91 92 1
185 23 1
39 148 1
124 28 1
90 156 1
218 73 1
110 91 1
167 48 1
124 115 1
143 59 1
56 147 1
184 72 1
133 113 1
123 77 1
33 165 1
52 71 1
180 60 1
109 114 1
214 100 1
184 55 1
38 182 1
62 56 1
217 49 1
42 204 1
51 182 1
89 111 1
109 148 1
51 39 1
179 26 1
94 139 1
169 80 1
61 66 1
118 29 1
84 165 1
108 99 1
40 195 1
94 26 1
61 179 1
151 49 1
88 207 1
40 82 1
168 39 1
64 72 1
50 55 1
107 42 1
103 62 1
50 134 1
70 205 1
36 117 1
93 100 1
59 188 1
97 97 1
79 49 1
103 143 1
35 183 1
163 74 1
220 105 1
183 23 1
120 45 1
210 83 1
102 77 1
49 87 1
68 181 1
92 83 1
220 24 1
116 89 1
82 25 1
135 33 1
72 31 1
92 194 1
48 24 1
34 199 1
72 110 1
115 16 1
78 132 1
209 43 1
87 78 1
34 54 1
162 99 1
54 189 1
111 68 1
77 116 1
43 172 1
81 113 1
209 68 1
101 126 1
87 63 1
110 132 1
167 71 1
104 61 1
33 103 1
161 42 1
76 131 1
43 74 1
53 157 1
147 88 1
76 18 1
66 24 1
86 95 1
119 29 1
85 157 1
160 76 1
86 206 1
142 76 1
146 115 1
75 91 1
38 45 1
95 20 1
99 81 1
65 65 1
193 52 1
71 47 1
118 206 1
145 58 1
112 51 1
165 55 1
95 202 1
47 55 1
112 130 1
37 205 1
41 138 1
60 162 1
192 106 1
84 40 1
50 72 1
198 80 1
127 74 1
74 66 1
117 32 1
121 37 1
69 205 1
70 158 1
73 138 1
144 28 1
164 87 1
83 97 1
121 150 1
211 20 1
46 87 1
69 94 1
73 27 1
55 159 1
102 158 1
106 213 1
126 99 1
129 59 1
149 40 1
44 178 1
200 112 1
54 127 1
182 32 1
129 84 1
58 114 1
186 47 1
105 53 1
68 79 1
125 42 1
162 20 1
128 108 1
148 103 1
67 113 1
105 198 1
195 68 1
215 25 1
125 155 1
128 27 1
67 30 1
91 132 1
57 20 1
185 79 1
39 92 1
114 31 1
67 175 1
124 68 1
90 84 1
110 19 1
133 56 1
124 187 1
143 115 1
56 75 1
42 98 1
133 73 1
62 97 1
123 117 1
89 133 1
52 63 1
109 58 1
56 58 1
113 63 1
213 108 1
89 54 1
217 105 1
109 203 1
199 73 1
42 132 1
122 182 1
169 31 1
51 31 1
179 82 1
108 20 1
94 67 1
61 138 1
118 69 1
141 50 1
108 171 1
202 32 1
40 155 1
168 80 1
88 135 1
93 138 1
40 42 1
211 67 1
36 62 1
93 59 1
130 39 1
97 56 1
103 70 1
106 166 1
36 141 1
35 79 1
92 100 1
220 81 1
183 95 1
96 111 1
120 101 1
210 27 1
102 21 1
68 141 1
92 27 1
186 80 1
78 34 1
135 105 1
48 81 1
72 87 1
92 138 1
48 32 1
77 171 1
81 40 1
209 115 1
101 37 1
67 109 1
87 118 1
34 126 1
91 115 1
111 124 1
77 60 1
110 188 1
167 15 1
104 117 1
33 47 1
76 203 1
119 167 1
194 26 1
53 213 1
76 90 1
66 64 1
86 135 1
203 89 1
166 47 1
99 24 1
193 67 1
85 85 1
160 116 1
71 102 1
75 99 1
38 117 1
95 108 1
99 105 1
118 135 1
175 68 1
94 172 1
118 54 1
122 61 1
88 69 1
112 123 1
192 35 1
178 74 1
37 133 1
112 202 1
131 64 1
60 106 1
41 194 1
192 82 1
84 96 1
50 16 1
70 87 1
74 154 1
164 24 1
150 95 1
117 24 1
103 21 1
69 133 1
144 100 1
73 66 1
164 111 1
59 147 1
83 25 1
69 22 1
55 199 1
210 108 1
102 166 1
106 45 1
72 149 1
200 57 1
129 99 1
149 96 1
44 122 1
54 39 1
129 156 1
58 42 1
115 55 1
215 80 1
162 92 1
125 210 1
128 84 1
111 35 1
148 31 1
101 89 1
67 73 1
105 158 1
195 28 1
53 23 1
91 204 1
57 76 1
39 100 1
114 39 1
124 140 1
143 58 1
56 148 1
184 73 1
147 63 1
133 112 1
184 56 1
38 183 1
42 58 1
62 57 1
123 61 1
217 48 1
95 51 1
132 79 1
213 36 1
89 110 1
109 147 1
199 17 1
216 103 1
51 38 1
37 71 1
75 156 1
41 28 1
169 87 1
98 87 1
84 166 1
51 87 1
108 92 1
40 196 1
94 27 1
131 47 1
151 48 1
61 178 1
84 21 1
212 66 1
107 156 1
40 83 1
168 40 1
64 73 1
46 56 1
50 135 1
197 52 1
36 118 1
201 49 1
93 99 1
97 96 1
79 48 1
103 142 1
35 182 1
36 197 1
59 44 1
120 46 1
45 17 1
68 182 1
126 68 1
92 44 1
220 25 1
96 23 1
120 157 1
135 32 1
68 197 1
196 18 1
92 195 1
78 26 1
48 25 1
72 111 1
209 42 1
195 107 1
34 55 1
219 113 1
77 115 1
81 112 1
101 125 1
67 37 1
87 62 1
91 187 1
111 180 1
39 187 1
43 60 1
63 49 1
104 62 1
33 102 1
87 175 1
110 116 1
76 188 1
80 71 1
104 77 1
52 181 1
180 98 1
76 19 1
119 111 1
66 25 1
194 66 1
76 98 1
86 207 1
75 90 1
203 97 1
99 80 1
65 64 1
51 149 1
71 46 1
75 43 1
95 164 1
118 207 1
47 65 1
71 191 1
112 52 1
94 100 1
60 204 1
118 126 1
122 117 1
88 61 1
112 131 1
60 163 1
192 107 1
84 41 1
50 73 1
178 18 1
198 81 1
74 67 1
60 18 1
117 47 1
70 159 1
164 80 1
74 210 1
130 64 1
79 103 1
83 96 1
121 149 1
103 93 1
69 93 1
35 197 1
73 26 1
55 158 1
102 159 1
177 52 1
159 108 1
116 15 1
210 52 1
102 110 1
106 101 1
72 173 1
129 58 1
149 55 1
44 179 1
200 113 1
182 33 1
129 171 1
58 115 1
44 66 1
101 191 1
129 196 1
148 96 1
134 87 1
67 112 1
105 197 1
87 109 1
125 154 1
215 24 1
128 28 1
54 158 1
111 91 1
43 139 1
161 68 1
90 162 1
57 27 1
100 95 1
67 174 1
53 79 1
57 132 1
114 111 1
39 44 1
133 39 1
123 135 1
124 180 1
214 50 1
143 114 1
56 76 1
42 99 1
133 72 1
85 207 1
56 59 1
132 112 1
213 107 1
89 53 1
217 104 1
71 125 1
109 202 1
146 84 1
199 72 1
38 78 1
122 183 1
179 36 1
165 89 1
122 38 1
216 95 1
51 30 1
37 31 1
75 164 1
41 84 1
98 31 1
108 164 1
74 20 1
202 33 1
40 156 1
168 81 1
131 103 1
121 87 1
84 77 1
50 109 1
107 100 1
40 43 1
211 66 1
36 63 1
93 58 1
97 63 1
211 51 1
46 112 1
106 167 1
126 162 1
36 142 1
183 41 1
106 54 1
35 78 1
96 96 1
59 84 1
82 79 1
120 102 1
45 89 1
68 142 1
92 20 1
186 81 1
78 35 1
135 104 1
120 213 1
68 29 1
196 106 1
125 92 1
34 157 1
92 139 1
78 82 1
48 33 1
158 42 1
215 79 1
77 170 1
81 47 1
209 114 1
195 35 1
34 127 1
91 114 1
110 210 1
77 59 1
39 67 1
80 112 1
63 73 1
104 118 1
33 46 1
110 44 1
76 196 1
80 15 1
119 166 1
104 133 1
194 27 1
86 21 1
33 159 1
52 109 1
180 90 1
113 73 1
76 91 1
119 87 1
66 65 1
203 88 1
193 66 1
75 98 1
203 41 1
99 104 1
51 205 1
61 60 1
118 55 1
175 52 1
88 70 1
71 135 1
112 124 1
94 60 1
151 47 1
192 36 1
178 75 1
107 179 1
127 188 1
112 203 1
60 107 1
192 83 1
84 97 1
50 17 1
164 25 1
74 155 1
164 104 1
59 146 1
79 95 1
83 24 1
103 101 1
69 21 1
35 157 1
55 198 1
102 167 1
49 41 1
159 36 1
72 150 1
55 119 1
116 71 1
135 63 1
102 54 1
129 98 1
149 111 1
44 123 1
129 147 1
58 43 1
111 34 1
58 154 1
148 24 1
134 31 1
101 88 1
67 72 1
105 157 1
87 21 1
111 147 1
90 154 1
218 87 1
181 65 1
53 22 1
57 83 1
100 23 1
53 135 1
57 188 1
123 79 1
184 57 1
42 59 1
85 135 1
160 34 1
217 55 1
166 72 1
95 50 1
132 72 1
42 202 1
99 55 1
213 35 1
89 109 1
71 69 1
109 146 1
199 16 1
95 67 1
175 91 1
216 104 1
179 28 1
145 92 1
37 70 1
165 17 1
84 167 1
122 94 1
51 86 1
216 23 1
127 195 1
41 172 1
84 22 1
212 67 1
74 44 1
40 84 1
168 41 1
50 53 1
107 44 1
144 50 1
83 71 1
46 57 1
197 51 1
36 119 1
201 48 1
93 98 1
55 181 1
97 103 1
163 76 1
36 198 1
183 17 1
120 47 1
45 16 1
68 183 1
96 40 1
82 23 1
120 158 1
68 198 1
196 19 1
58 92 1
78 27 1
105 95 1
68 85 1
34 197 1
128 130 1
78 138 1
134 104 1
195 106 1
158 98 1
219 112 1
77 114 1
91 186 1
110 138 1
185 49 1
39 186 1
167 65 1
63 48 1
104 63 1
67 181 1
33 101 1
124 34 1
87 174 1
56 194 1
114 72 1
80 56 1
43 76 1
104 78 1
52 182 1
180 99 1
119 110 1
194 67 1
86 93 1
89 175 1
52 37 1
180 18 1
109 84 1
113 17 1
76 99 1
119 31 1
142 82 1
199 103 1
203 96 1
65 71 1
75 42 1
169 33 1
47 64 1
108 50 1
71 190 1
75 187 1
61 100 1
118 127 1
47 49 1
88 62 1
112 132 1
60 188 1
151 87 1
64 39 1
192 108 1
50 70 1
178 19 1
107 123 1
88 173 1
127 116 1
93 164 1
60 19 1
164 81 1
130 65 1
79 23 1
103 173 1
177 43 1
35 85 1
220 79 1
59 75 1
82 104 1
102 111 1
49 113 1
72 174 1
44 172 1
72 61 1
54 125 1
129 170 1
115 65 1
44 67 1
101 190 1
162 18 1
219 47 1
148 97 1
101 15 1
54 159 1
111 90 1
43 138 1
161 91 1
90 163 1
57 26 1
111 203 1
43 27 1
100 88 1
161 52 1
90 82 1
53 78 1
218 15 1
57 139 1
100 47 1
194 52 1
123 134 1
214 51 1
62 103 1
85 206 1
123 119 1
56 60 1
132 113 1
85 191 1
213 106 1
160 106 1
217 111 1
38 79 1
42 130 1
99 79 1
165 88 1
95 155 1
118 40 1
122 39 1
175 19 1
216 32 1
179 84 1
145 36 1
37 30 1
165 41 1
41 91 1
212 20 1
127 155 1
121 86 1
84 78 1
74 100 1
40 44 1
121 199 1
69 175 1
73 164 1
150 32 1
46 113 1
211 50 1
126 163 1
36 143 1
183 40 1
106 55 1
159 67 1
126 50 1
183 89 1
96 97 1
120 103 1
45 88 1
68 143 1
106 70 1
200 31 1
68 30 1
196 107 1
125 91 1
92 132 1
58 20 1
78 83 1
105 23 1
158 43 1
125 204 1
128 74 1
152 64 1
78 194 1
134 48 1
67 111 1
195 34 1
215 63 1
77 58 1
218 112 1
110 66 1
185 105 1
39 66 1
80 113 1
63 72 1
104 119 1
67 141 1
124 106 1
33 45 1
66 47 1
104 134 1
33 158 1
52 110 1
180 91 1
113 72 1
76 84 1
42 68 1
119 86 1
86 133 1
52 29 1
109 28 1
199 47 1
203 40 1
118 133 1
65 15 1
94 146 1
61 59 1
88 71 1
51 125 1
108 122 1
71 134 1
98 32 1
61 172 1
107 178 1
141 84 1
198 15 1
112 204 1
60 100 1
64 111 1
192 84 1
107 67 1
70 85 1
103 23 1
164 105 1
102 213 1
163 83 1
210 106 1
49 40 1
177 115 1
72 151 1
35 109 1
92 74 1
55 118 1
220 55 1
59 115 1
116 64 1
82 48 1
102 55 1
78 60 1
44 116 1
135 79 1
34 190 1
72 117 1
54 37 1
129 146 1
115 57 1
162 90 1
219 23 1
148 25 1
58 155 1
101 71 1
111 146 1
43 210 1
63 31 1
87 133 1
90 155 1
53 21 1
181 64 1
57 82 1
76 154 1
43 99 1
100 16 1
53 134 1
147 65 1
57 195 1
119 133 1
123 78 1
86 54 1
38 181 1
62 63 1
85 134 1
123 63 1
160 35 1
203 71 1
166 73 1
132 73 1
42 203 1
85 119 1
213 34 1
95 66 1
175 90 1
216 105 1
145 83 1
71 213 1
37 69 1
165 16 1
118 16 1
122 95 1
216 24 1
127 194 1
202 23 1
131 17 1
41 147 1
84 23 1
212 76 1
178 108 1
70 38 1
127 83 1
37 167 1
117 73 1
144 51 1
73 147 1
74 188 1
50 133 1
69 103 1
197 50 1
144 66 1
73 124 1
201 55 1
83 55 1
36 199 1
55 37 1
183 16 1
45 15 1
159 27 1
126 74 1
96 41 1
149 17 1
120 159 1
68 199 1
196 28 1
200 87 1
105 94 1
68 86 1
128 131 1
58 204 1
78 139 1
134 105 1
158 99 1
34 53 1
128 50 1
67 39 1
90 204 1
110 139 1
185 48 1
167 64 1
124 35 1
218 40 1
56 195 1
110 122 1
114 73 1
80 57 1
104 79 1
124 146 1
214 20 1
180 108 1
52 183 1
56 178 1
184 103 1
33 213 1
62 72 1
66 23 1
89 174 1
52 38 1
180 19 1
109 83 1
113 16 1
42 28 1
119 30 1
86 205 1
142 83 1
75 92 1
51 151 1
169 32 1
118 205 1
108 51 1
75 186 1
94 106 1
61 99 1
47 48 1
88 63 1
108 66 1
40 162 1
64 56 1
50 71 1
88 174 1
107 122 1
198 87 1
93 163 1
60 44 1
64 87 1
70 157 1
97 17 1
79 97 1
103 95 1
126 132 1
35 199 1
102 157 1
177 42 1
163 107 1
220 72 1
59 74 1
82 105 1
210 50 1
49 112 1
72 175 1
35 37 1
92 50 1
72 62 1
182 39 1
115 64 1
78 116 1
44 60 1
101 189 1
162 19 1
77 132 1
209 20 1
87 111 1
219 95 1
161 90 1
181 23 1
111 202 1
43 26 1
100 89 1
63 87 1
90 83 1
53 77 1
57 138 1
76 162 1
100 40 1
119 77 1
85 205 1
123 118 1
86 126 1
193 100 1
85 190 1
160 107 1
71 127 1
146 82 1
203 15 1
42 131 1
118 190 1
122 181 1
85 47 1
165 71 1
95 154 1
118 41 1
47 103 1
175 18 1
216 33 1
145 27 1
71 157 1
112 82 1
165 40 1
37 29 1
41 90 1
60 210 1
118 88 1
198 32 1
127 154 1
74 18 1
202 47 1
131 105 1
121 85 1
84 79 1
178 52 1
70 110 1
127 107 1
211 68 1
121 198 1
69 174 1
73 171 1
150 33 1
121 183 1
106 165 1
69 63 1
73 52 1
159 66 1
126 51 1
55 109 1
183 88 1
45 87 1
106 71 1
186 95 1
149 73 1
68 31 1
196 84 1
125 90 1
200 111 1
54 94 1
105 22 1
215 73 1
125 203 1
128 75 1
58 132 1
152 65 1
78 195 1
134 49 1
67 110 1
105 167 1
34 125 1
125 188 1
91 116 1
90 132 1
218 113 1
110 67 1
185 104 1
124 107 1
143 35 1
110 50 1
133 25 1
104 135 1
123 165 1
33 157 1
52 111 1
180 36 1
214 92 1
56 106 1
184 31 1
38 142 1
113 79 1
66 95 1
52 30 1
109 27 1
89 23 1
109 172 1
75 100 1
51 207 1
94 147 1
61 58 1
118 53 1
84 141 1
108 123 1
94 34 1
98 33 1
61 171 1
151 41 1
141 83 1
108 138 1
40 122 1
168 79 1
64 96 1
50 15 1
107 66 1
103 22 1
50 158 1
36 93 1
93 28 1
59 148 1
97 89 1
79 89 1
103 103 1
35 159 1
163 82 1
183 15 1
210 107 1
120 21 1
102 165 1
49 47 1
177 114 1
163 35 1
92 75 1
220 48 1
59 114 1
116 65 1
82 49 1
135 57 1
48 112 1
34 191 1
72 118 1
115 56 1
78 172 1
34 46 1
162 91 1
91 35 1
54 213 1
111 44 1
77 76 1
209 92 1
101 70 1
87 23 1
167 95 1
33 95 1
181 79 1
76 155 1
43 98 1
100 17 1
63 111 1
53 133 1
57 194 1
147 64 1
66 48 1
86 55 1
119 53 1
85 133 1
123 62 1
86 166 1
160 36 1
142 116 1
95 60 1
99 57 1
193 44 1
85 118 1
71 71 1
145 82 1
165 31 1
95 210 1
118 17 1
47 31 1
216 25 1
112 154 1
37 213 1
41 146 1
131 16 1
60 154 1
84 16 1
70 39 1
198 104 1
127 82 1
74 42 1
37 166 1
202 103 1
117 72 1
69 213 1
144 52 1
73 146 1
127 35 1
164 63 1
70 182 1
83 73 1
46 63 1
69 102 1
144 67 1
73 99 1
55 183 1
159 26 1
126 75 1
55 85 1
149 16 1
44 202 1
176 82 1
200 88 1
182 88 1
129 76 1
58 90 1
186 23 1
115 103 1
105 93 1
68 87 1
128 132 1
148 79 1
195 108 1
215 113 1
128 51 1
58 188 1
67 38 1
91 188 1
185 55 1
39 180 1
67 183 1
124 60 1
90 124 1
218 41 1
56 196 1
110 123 1
124 147 1
143 27 1
56 179 1
184 104 1
133 81 1
62 73 1
123 109 1
89 173 1
52 39 1
180 28 1
109 82 1
56 34 1
113 23 1
213 84 1
217 17 1
199 97 1
42 172 1
122 158 1
51 150 1
89 79 1
75 44 1
169 39 1
108 44 1
94 107 1
61 98 1
118 125 1
84 197 1
108 67 1
40 163 1
151 81 1
64 57 1
88 175 1
108 210 1
93 162 1
40 50 1
201 65 1
130 95 1
97 16 1
79 96 1
103 94 1
50 166 1
35 198 1
36 149 1
93 68 1
79 17 1
103 175 1
126 20 1
35 87 1
163 106 1
220 73 1
96 71 1
120 77 1
210 51 1
102 109 1
68 149 1
92 51 1
72 63 1
92 162 1
48 56 1
219 33 1
77 131 1
67 117 1
158 92 1
87 110 1
34 86 1
91 107 1
54 157 1
111 100 1
39 203 1
77 20 1
43 140 1
81 81 1
110 164 1
167 103 1
104 29 1
76 163 1
100 41 1
194 50 1
76 50 1
86 127 1
85 189 1
160 108 1
142 44 1
71 126 1
146 83 1
75 123 1
38 77 1
95 116 1
99 113 1
118 191 1
65 33 1
193 20 1
85 46 1
94 180 1
118 46 1
122 37 1
88 109 1
145 26 1
112 83 1
118 89 1
198 33 1
74 19 1
112 162 1
131 104 1
60 66 1
192 74 1
84 72 1
50 104 1
70 111 1
127 106 1
74 98 1
121 197 1
69 173 1
73 170 1
59 139 1
211 52 1
121 182 1
69 62 1
73 59 1
102 190 1
106 53 1
129 27 1
149 72 1
44 146 1
176 26 1
54 95 1
129 180 1
58 18 1
115 95 1
105 21 1
215 72 1
162 52 1
125 202 1
128 76 1
54 206 1
101 33 1
67 81 1
105 166 1
195 36 1
215 57 1
125 187 1
53 63 1
57 52 1
185 111 1
39 124 1
114 63 1
67 143 1
124 100 1
90 52 1
143 34 1
110 51 1
147 39 1
133 24 1
143 83 1
56 107 1
184 32 1
38 143 1
42 66 1
123 21 1
52 31 1
109 26 1
146 36 1
38 30 1
132 87 1
89 22 1
217 73 1
109 171 1
199 41 1
51 206 1
41 36 1
98 79 1
84 142 1
51 127 1
108 116 1
94 35 1
131 55 1
151 40 1
61 170 1
212 42 1
141 82 1
107 180 1
108 139 1
202 64 1
40 123 1
168 48 1
64 97 1
211 99 1
46 32 1
50 159 1
197 92 1
36 94 1
201 25 1
93 27 1
97 88 1
79 88 1
103 102 1
106 134 1
35 158 1
36 173 1
45 41 1
120 22 1
126 44 1
35 111 1
92 68 1
220 49 1
163 34 1
96 15 1
120 133 1
135 56 1
102 53 1
196 58 1
186 112 1
135 73 1
48 113 1
72 119 1
152 47 1
195 115 1
34 47 1
91 34 1
219 105 1
77 75 1
209 83 1
101 69 1
67 77 1
87 22 1
91 83 1
111 156 1
39 147 1
63 25 1
33 94 1
87 135 1
110 92 1
76 148 1
167 47 1
80 95 1
104 85 1
33 207 1
119 135 1
66 49 1
76 122 1
86 167 1
166 79 1
99 56 1
193 35 1
85 117 1
51 189 1
71 70 1
95 76 1
175 100 1
94 140 1
118 22 1
122 93 1
88 37 1
127 204 1
112 155 1
60 155 1
84 17 1
178 106 1
198 105 1
74 43 1
37 165 1
117 87 1
50 48 1
70 183 1
127 34 1
74 186 1
164 56 1
83 72 1
103 53 1
69 101 1
144 68 1
73 98 1
70 198 1
55 182 1
59 179 1
83 57 1
159 116 1
55 39 1
116 55 1
210 76 1
102 70 1
72 181 1
149 31 1
44 203 1
176 83 1
200 89 1
182 89 1
129 67 1
58 91 1
44 90 1
101 135 1
176 34 1
148 72 1
58 202 1
115 23 1
134 111 1
87 69 1
215 112 1
128 52 1
54 182 1
111 67 1
148 63 1
43 163 1
67 41 1
90 202 1
181 49 1
67 182 1
53 119 1
57 108 1
114 71 1
124 172 1
214 42 1
143 26 1
56 180 1
184 105 1
147 95 1
133 80 1
56 35 1
166 24 1
42 26 1
213 83 1
217 16 1
199 96 1
146 108 1
38 38 1
95 19 1
132 47 1
122 159 1
89 78 1
216 71 1
37 103 1
75 188 1
41 124 1
84 198 1
108 188 1
40 164 1
131 15 1
151 80 1
61 210 1
84 53 1
212 98 1
50 69 1
107 124 1
40 51 1
201 64 1
93 210 1
97 23 1
211 27 1
46 88 1
50 167 1
197 20 1
126 138 1
36 150 1
93 67 1
79 16 1
103 174 1
35 86 1
96 88 1
59 76 1
82 103 1
120 78 1
45 113 1
68 150 1
126 100 1
35 39 1
96 55 1
120 189 1
68 37 1
196 114 1
92 163 1
186 40 1
78 122 1
48 57 1
158 50 1
219 32 1
77 130 1
152 103 1
195 75 1
34 87 1
91 106 1
219 81 1
39 202 1
77 19 1
81 80 1
91 155 1
39 91 1
114 24 1
43 28 1
63 81 1
104 30 1
110 20 1
80 39 1
194 51 1
104 173 1
52 149 1
180 66 1
76 51 1
119 79 1
75 122 1
99 112 1
65 32 1
85 45 1
75 203 1
95 132 1
61 20 1
118 47 1
47 97 1
175 28 1
88 110 1
71 159 1
112 84 1
94 68 1
118 94 1
88 29 1
107 203 1
127 132 1
112 163 1
60 67 1
192 75 1
84 73 1
50 105 1
178 50 1
74 99 1
60 50 1
117 15 1
164 112 1
130 32 1
59 138 1
150 39 1
79 71 1
121 181 1
103 125 1
69 61 1
73 58 1
102 191 1
177 84 1
159 76 1
55 111 1
116 111 1
210 20 1
106 69 1
72 205 1
129 26 1
149 87 1
44 147 1
176 27 1
129 139 1
58 19 1
44 34 1
54 207 1
58 130 1
134 55 1
101 32 1
67 80 1
105 165 1
125 186 1
215 56 1
111 123 1
161 100 1
90 130 1
53 62 1
181 105 1
57 59 1
67 142 1
53 175 1
57 164 1
123 167 1
214 82 1
143 82 1
56 108 1
184 33 1
42 67 1
160 26 1
38 31 1
166 32 1
132 80 1
42 210 1
99 31 1
89 21 1
217 72 1
71 93 1
109 170 1
199 40 1
38 110 1
95 107 1
175 67 1
145 116 1
41 43 1
84 143 1
122 70 1
51 126 1
216 63 1
37 63 1
41 180 1
98 63 1
212 43 1
108 132 1
74 52 1
202 65 1
40 124 1
168 49 1
131 71 1
121 119 1
84 109 1
107 68 1
150 80 1
46 33 1
211 98 1
197 91 1
36 95 1
201 24 1
93 26 1
55 173 1
97 95 1
106 135 1
126 194 1
163 84 1
36 174 1
120 23 1
45 40 1
106 22 1
35 110 1
59 116 1
82 47 1
120 134 1
196 59 1
58 68 1
186 113 1
135 72 1
105 103 1
68 125 1
196 74 1
34 189 1
125 124 1
128 186 1
152 48 1
78 178 1
195 114 1
215 111 1
219 104 1
77 74 1
152 95 1
81 15 1
209 82 1
91 82 1
185 25 1
39 146 1
167 89 1
63 24 1
124 26 1
87 134 1
33 93 1
91 195 1
39 99 1
114 32 1
80 80 1
43 100 1
63 105 1
104 86 1
33 206 1
119 134 1
86 53 1
33 191 1
52 77 1
180 58 1
109 108 1
113 105 1
76 123 1
119 55 1
193 34 1
51 45 1
75 147 1
98 80 1
61 92 1
118 23 1
47 25 1
88 38 1
112 156 1
94 28 1
60 148 1
151 79 1
50 94 1
178 107 1
107 147 1
70 37 1
88 213 1
127 92 1
50 49 1
164 57 1
74 187 1
70 199 1
59 178 1
79 63 1
83 56 1
103 133 1
35 189 1
55 38 1
220 103 1
59 35 1
116 48 1
102 71 1
49 73 1
72 182 1
55 87 1
44 196 1
135 31 1
176 84 1
129 66 1
115 105 1
44 91 1
101 134 1
176 35 1
148 73 1
58 203 1
101 23 1
54 183 1
111 66 1
148 56 1
58 186 1
43 162 1
67 40 1
87 53 1
90 203 1
181 48 1
111 179 1
43 51 1
161 44 1
90 122 1
53 118 1
218 55 1
57 115 1
100 55 1
194 44 1
214 43 1
133 95 1
62 79 1
123 111 1
56 36 1
166 25 1
42 27 1
85 167 1
213 82 1
160 66 1
217 23 1
38 39 1
166 104 1
95 18 1
132 40 1
42 170 1
99 87 1
89 77 1
71 37 1
95 163 1
216 72 1
145 60 1
37 102 1
165 49 1
41 99 1
84 199 1
122 126 1
41 140 1
84 54 1
212 99 1
108 204 1
74 76 1
40 52 1
121 47 1
50 213 1
69 183 1
144 18 1
73 140 1
201 71 1
150 24 1
83 103 1
46 89 1
211 26 1
197 19 1
126 139 1
36 151 1
55 149 1
93 66 1
159 107 1
126 26 1
163 108 1
183 113 1
96 89 1
120 79 1
45 112 1
68 151 1
106 110 1
35 38 1
120 190 1
68 38 1
196 115 1
92 188 1
58 124 1
186 41 1
78 123 1
105 63 1
158 51 1
125 36 1
128 98 1
152 104 1
134 72 1
67 119 1
195 74 1
158 66 1
215 23 1
219 80 1
77 18 1
81 87 1
91 154 1
110 170 1
185 81 1
114 25 1
39 90 1
167 97 1
63 80 1
104 31 1
67 149 1
124 66 1
39 43 1
114 104 1
80 24 1
104 174 1
52 150 1
180 67 1
76 44 1
42 108 1
119 78 1
86 125 1
89 143 1
109 52 1
113 49 1
142 50 1
199 71 1
118 189 1
65 39 1
179 43 1
75 202 1
94 186 1
61 19 1
47 96 1
88 111 1
51 101 1
108 18 1
71 158 1
98 24 1
61 132 1
118 95 1
88 30 1
141 44 1
107 202 1
198 39 1
112 164 1
60 92 1
192 76 1
50 102 1
178 51 1
107 91 1
70 109 1
88 141 1
127 20 1
93 132 1
60 51 1
164 113 1
130 33 1
177 75 1
103 205 1
35 117 1
92 98 1
55 110 1
220 47 1
59 107 1
116 104 1
82 72 1
72 206 1
78 36 1
44 140 1
135 103 1
48 87 1
176 28 1
34 150 1
72 93 1
54 93 1
129 138 1
115 33 1
44 35 1
162 50 1
219 15 1
58 131 1
101 47 1
111 122 1
90 131 1
53 61 1
181 104 1
57 58 1
43 123 1
90 50 1
143 44 1
53 174 1
147 41 1
57 171 1
119 189 1
194 20 1
123 166 1
86 46 1
214 83 1
38 141 1
123 23 1
160 27 1
146 34 1
203 95 1
166 33 1
132 81 1
85 95 1
217 79 1
38 111 1
95 106 1
99 111 1
175 66 1
145 107 1
41 42 1
122 71 1
175 51 1
37 62 1
131 57 1
41 187 1
212 52 1
178 68 1
70 62 1
127 187 1
37 143 1
41 196 1
117 113 1
121 118 1
84 110 1
74 132 1
150 81 1
50 157 1
69 143 1
197 90 1
144 90 1
73 68 1
201 31 1
83 31 1
126 195 1
36 175 1
45 39 1
106 23 1
159 35 1
126 82 1
163 36 1
120 135 1
196 36 1
200 63 1
105 102 1
68 126 1
196 75 1
125 123 1
128 187 1
58 52 1
78 179 1
152 49 1
34 45 1
91 36 1
128 42 1
134 16 1
67 79 1
185 24 1
167 88 1
124 27 1
218 80 1
91 194 1
110 98 1
114 33 1
39 98 1
80 81 1
167 41 1
63 104 1
104 87 1
123 213 1
124 138 1
33 205 1
56 154 1
184 79 1
62 80 1
66 15 1
33 190 1
52 78 1
180 59 1
109 107 1
113 104 1
76 116 1
42 36 1
119 54 1
86 165 1
89 199 1
51 191 1
199 15 1
179 99 1
75 146 1
94 114 1
169 89 1
98 81 1
61 91 1
47 24 1
88 39 1
51 93 1
108 90 1
40 202 1
61 204 1
50 95 1
107 146 1
141 116 1
198 111 1
64 79 1
50 46 1
107 35 1
70 181 1
127 44 1
93 204 1
103 55 1
163 115 1
220 96 1
59 34 1
116 49 1
210 74 1
49 72 1
72 183 1
92 42 1
55 86 1
220 23 1
82 16 1
182 95 1
115 104 1
78 28 1
44 84 1
101 133 1
48 31 1
176 36 1
77 156 1
115 25 1
209 44 1
101 22 1
87 71 1
148 57 1
58 187 1
101 103 1
181 63 1
111 178 1
43 50 1
63 63 1
161 35 1
90 123 1
53 117 1
87 165 1
57 114 1
76 186 1
43 67 1
100 48 1
143 100 1
147 97 1
119 101 1
194 92 1
123 110 1
86 86 1
38 213 1
85 166 1
160 67 1
146 106 1
203 103 1
166 105 1
132 41 1
42 171 1
122 157 1
85 23 1
95 162 1
47 79 1
216 73 1
145 51 1
71 181 1
37 101 1
112 42 1
165 48 1
41 98 1
60 202 1
118 112 1
122 127 1
198 56 1
202 55 1
131 113 1
84 55 1
212 108 1
127 115 1
117 41 1
121 46 1
69 182 1
144 19 1
73 179 1
150 25 1
121 159 1
50 165 1
69 71 1
197 18 1
73 28 1
159 106 1
126 27 1
183 112 1
45 111 1
106 111 1
126 106 1
129 60 1
186 71 1
149 49 1
120 191 1
68 39 1
54 118 1
105 62 1
125 35 1
128 99 1
152 105 1
134 73 1
67 118 1
105 207 1
158 67 1
34 85 1
125 148 1
91 108 1
128 18 1
39 196 1
90 172 1
110 171 1
185 80 1
167 96 1
124 67 1
110 26 1
114 105 1
39 42 1
80 25 1
133 33 1
104 175 1
123 157 1
124 178 1
52 151 1
180 76 1
214 52 1
56 82 1
62 104 1
89 142 1
109 51 1
113 48 1
89 63 1
142 51 1
109 196 1
75 124 1
179 42 1
94 187 1
61 18 1
118 45 1
179 91 1
108 19 1
94 74 1
98 25 1
61 131 1
88 31 1
141 43 1
108 162 1
40 130 1
168 87 1
64 24 1
50 103 1
88 142 1
107 90 1
93 131 1
36 37 1
93 52 1
59 140 1
97 49 1
79 65 1
103 127 1
126 164 1
183 39 1
102 189 1
177 74 1
92 99 1
220 40 1
59 106 1
116 105 1
82 73 1
210 18 1
72 207 1
92 18 1
48 72 1
34 151 1
72 94 1
115 32 1
78 84 1
44 28 1
48 39 1
158 44 1
162 51 1
54 205 1
111 20 1
77 164 1
81 33 1
209 116 1
101 46 1
43 122 1
90 51 1
53 173 1
57 170 1
147 40 1
76 194 1
66 40 1
86 47 1
143 92 1
119 45 1
123 22 1
86 158 1
160 28 1
146 35 1
38 29 1
193 68 1
85 94 1
71 95 1
203 47 1
118 158 1
122 213 1
145 106 1
165 103 1
175 50 1
37 61 1
112 114 1
131 56 1
41 186 1
192 58 1
70 63 1
127 186 1
74 50 1
37 142 1
202 79 1
131 73 1
41 203 1
117 112 1
121 117 1
84 111 1
70 78 1
211 100 1
46 39 1
69 142 1
144 91 1
73 75 1
55 175 1
102 206 1
106 133 1
69 31 1
159 34 1
126 83 1
55 77 1
200 32 1
182 112 1
129 100 1
58 66 1
149 105 1
105 101 1
68 127 1
125 122 1
54 62 1
128 188 1
195 116 1
215 105 1
128 43 1
58 164 1
134 17 1
67 78 1
105 135 1
91 84 1
185 31 1
39 140 1
124 20 1
90 100 1
218 81 1
110 99 1
167 40 1
124 139 1
56 155 1
184 80 1
62 81 1
123 69 1
33 189 1
52 79 1
109 106 1
184 63 1
38 174 1
113 111 1
62 32 1
89 198 1
217 57 1
42 180 1
122 134 1
51 190 1
89 119 1
109 140 1
51 47 1
179 98 1
94 115 1
169 88 1
61 90 1
118 21 1
84 173 1
108 91 1
202 16 1
40 203 1
151 73 1
61 203 1
141 115 1
40 90 1
168 47 1
64 64 1
50 47 1
107 34 1
93 203 1
103 54 1
50 190 1
70 197 1
36 125 1
93 124 1
59 180 1
79 57 1
103 135 1
35 191 1
163 114 1
220 97 1
183 111 1
120 53 1
210 75 1
102 69 1
49 79 1
68 189 1
92 43 1
220 16 1
82 17 1
135 25 1
48 16 1
77 155 1
115 24 1
78 140 1
209 35 1
101 21 1
158 100 1
87 70 1
34 78 1
54 181 1
111 76 1
77 108 1
43 164 1
81 105 1
101 102 1
87 55 1
110 140 1
104 37 1
33 127 1
161 34 1
76 187 1
43 66 1
100 49 1
194 42 1
147 96 1
66 16 1
86 87 1
166 31 1
119 21 1
85 165 1
86 198 1
160 68 1
142 84 1
146 107 1
75 83 1
38 37 1
95 28 1
99 89 1
65 89 1
85 22 1
71 39 1
118 198 1
145 50 1
112 43 1
165 63 1
60 203 1
118 113 1
47 63 1
198 57 1
112 186 1
131 112 1
60 186 1
192 98 1
84 48 1
50 64 1
198 72 1
127 114 1
74 74 1
117 40 1
121 45 1
69 181 1
70 150 1
73 178 1
144 20 1
164 95 1
83 105 1
121 158 1
211 28 1
46 95 1
69 70 1
55 151 1
102 150 1
126 107 1
129 51 1
149 48 1
44 170 1
176 114 1
54 119 1
182 56 1
129 172 1
58 122 1
186 55 1
115 71 1
105 61 1
125 34 1
162 44 1
128 100 1
148 111 1
195 76 1
105 206 1
215 17 1
125 147 1
128 19 1
53 39 1
91 156 1
57 28 1
185 87 1
39 84 1
114 23 1
67 151 1
124 92 1
90 92 1
110 27 1
147 15 1
133 32 1
124 179 1
56 83 1
42 106 1
62 105 1
89 141 1
109 50 1
146 60 1
113 55 1
213 116 1
89 62 1
217 113 1
109 195 1
199 65 1
42 140 1
122 190 1
75 204 1
51 103 1
179 90 1
94 75 1
61 130 1
118 93 1
212 18 1
141 42 1
107 204 1
108 163 1
202 40 1
40 131 1
168 88 1
151 113 1
64 25 1
88 143 1
93 130 1
40 18 1
211 75 1
197 100 1
36 38 1
201 97 1
93 51 1
130 63 1
97 48 1
79 64 1
103 126 1
106 174 1
36 181 1
103 207 1
126 52 1
35 119 1
92 124 1
220 41 1
183 87 1
96 103 1
120 109 1
210 19 1
92 19 1
186 88 1
78 42 1
135 97 1
48 73 1
72 95 1
92 130 1
77 210 1
77 163 1
78 196 1
81 32 1
209 107 1
101 45 1
67 85 1
34 118 1
91 75 1
111 132 1
77 52 1
110 68 1
104 125 1
33 39 1
52 197 1
76 195 1
119 191 1
66 41 1
194 18 1
76 82 1
66 88 1
86 159 1
203 81 1
166 39 1
193 91 1
85 93 1
51 165 1
71 94 1
75 27 1
38 109 1
95 84 1
118 159 1
175 76 1
94 148 1
122 69 1
88 77 1
112 115 1
192 59 1
178 66 1
74 51 1
37 141 1
112 194 1
131 72 1
60 98 1
41 202 1
84 104 1
70 79 1
74 130 1
150 87 1
69 141 1
144 92 1
73 74 1
55 174 1
59 171 1
83 33 1
102 207 1
69 30 1
210 100 1
102 94 1
106 21 1
72 157 1
200 33 1
182 113 1
129 123 1
58 67 1
149 104 1
44 114 1
176 58 1
54 63 1
129 148 1
58 50 1
115 63 1
215 104 1
162 84 1
128 44 1
54 174 1
111 43 1
148 39 1
43 187 1
101 65 1
67 49 1
105 134 1
53 31 1
91 196 1
57 84 1
114 95 1
39 28 1
124 132 1
90 20 1
56 156 1
184 81 1
147 71 1
38 175 1
42 34 1
62 33 1
123 53 1
89 197 1
217 56 1
38 62 1
95 59 1
132 55 1
122 135 1
213 44 1
89 118 1
109 139 1
51 46 1
216 111 1
37 79 1
75 148 1
169 95 1
98 111 1
84 174 1
51 95 1
108 84 1
202 17 1
40 204 1
131 23 1
151 72 1
61 202 1
84 29 1
212 74 1
50 93 1
107 148 1
141 114 1
202 96 1
40 91 1
168 16 1
64 65 1
93 202 1
97 15 1
46 64 1
50 191 1
197 60 1
126 146 1
36 126 1
201 57 1
93 123 1
79 56 1
103 134 1
35 190 1
36 205 1
59 36 1
120 54 1
68 190 1
126 76 1
92 36 1
220 17 1
96 47 1
120 165 1
135 24 1
68 205 1
196 26 1
186 16 1
78 98 1
48 17 1
77 154 1
152 15 1
209 34 1
195 83 1
34 79 1
219 73 1
77 107 1
81 104 1
101 101 1
67 45 1
87 54 1
91 179 1
111 188 1
39 179 1
43 52 1
63 57 1
104 38 1
33 126 1
87 167 1
110 124 1
76 180 1
80 63 1
194 43 1
104 181 1
52 189 1
180 106 1
119 103 1
66 17 1
194 90 1
86 199 1
75 82 1
203 25 1
166 111 1
99 88 1
65 88 1
85 21 1
51 157 1
71 38 1
75 35 1
95 172 1
118 199 1
47 73 1
71 183 1
112 44 1
94 108 1
60 196 1
118 118 1
122 125 1
112 187 1
60 187 1
192 99 1
84 49 1
50 65 1
198 73 1
74 75 1
60 42 1
117 55 1
70 151 1
164 88 1
130 88 1
150 31 1
79 111 1
83 104 1
121 157 1
103 85 1
69 69 1
35 205 1
55 150 1
102 151 1
49 25 1
177 44 1
159 84 1
116 23 1
210 44 1
102 102 1
106 109 1
72 213 1
129 50 1
149 63 1
44 171 1
176 115 1
182 57 1
129 163 1
58 123 1
44 58 1
101 167 1
148 104 1
134 79 1
105 205 1
87 101 1
125 146 1
215 16 1
54 150 1
128 20 1
111 99 1
43 131 1
161 92 1
90 170 1
53 38 1
181 17 1
218 103 1
57 35 1
100 71 1
67 150 1
53 87 1
57 140 1
114 103 1
39 36 1
133 47 1
123 159 1
124 204 1
214 74 1
56 84 1
42 107 1
166 56 1
213 115 1
89 61 1
217 112 1
71 117 1
109 194 1
146 76 1
199 64 1
38 70 1
95 115 1
132 15 1
122 191 1
179 44 1
165 65 1
41 51 1
122 46 1
51 102 1
216 39 1
41 92 1
98 23 1
212 19 1
108 156 1
74 28 1
202 41 1
40 132 1
168 89 1
131 111 1
151 112 1
121 95 1
84 85 1
50 101 1
107 92 1
40 19 1
150 72 1
211 74 1
197 99 1
201 96 1
36 39 1
93 50 1
97 55 1
211 59 1
106 175 1
126 170 1
36 182 1
183 33 1
103 206 1
106 62 1
35 118 1
59 108 1
82 71 1
120 110 1
45 81 1
186 89 1
78 43 1
135 96 1
196 82 1
125 84 1
34 149 1
128 210 1
92 131 1
78 90 1
158 18 1
215 71 1
77 162 1
152 71 1
81 39 1
209 106 1
195 43 1
34 119 1
91 74 1
77 51 1
39 123 1
114 56 1
80 104 1
43 124 1
63 113 1
104 126 1
33 38 1
52 198 1
110 52 1
119 190 1
104 141 1
194 19 1
86 45 1
33 151 1
52 117 1
180 34 1
113 65 1
76 83 1
119 47 1
66 89 1
142 98 1
203 80 1
193 90 1
75 26 1
203 33 1
51 213 1
98 72 1
61 52 1
118 15 1
175 60 1
88 78 1
112 116 1
94 36 1
60 140 1
151 39 1
192 60 1
178 67 1
107 171 1
70 61 1
127 164 1
112 195 1
60 99 1
84 105 1
74 131 1
59 170 1
79 39 1
83 32 1
103 157 1
177 27 1
69 29 1
35 133 1
59 27 1
102 95 1
49 33 1
177 116 1
159 44 1
72 158 1
55 79 1
116 79 1
135 55 1
102 46 1
129 122 1
44 115 1
176 59 1
58 51 1
54 175 1
111 42 1
58 162 1
148 32 1
43 186 1
134 23 1
101 64 1
67 48 1
105 133 1
87 45 1
111 155 1
43 203 1
90 98 1
53 30 1
181 73 1
218 95 1
57 91 1
100 31 1
53 143 1
57 196 1
133 103 1
62 87 1
123 71 1
214 114 1
42 35 1
85 143 1
160 58 1
217 63 1
38 63 1
166 64 1
95 58 1
132 48 1
42 178 1
99 63 1
213 43 1
89 117 1
71 61 1
109 138 1
95 75 1
175 99 1
216 112 1
179 100 1
145 84 1
37 78 1
165 25 1
84 175 1
122 102 1
51 94 1
216 31 1
127 203 1
41 148 1
84 30 1
212 75 1
74 84 1
202 97 1
40 92 1
168 17 1
121 23 1
50 45 1
107 36 1
144 42 1
73 148 1
150 112 1
83 79 1
46 65 1
197 59 1
126 147 1
36 127 1
201 56 1
93 122 1
55 141 1
159 115 1
163 116 1
36 206 1
183 105 1
120 55 1
68 191 1
106 118 1
96 32 1
82 15 1
120 166 1
68 206 1
196 27 1
58 100 1
186 17 1
78 99 1
105 71 1
68 93 1
125 28 1
128 154 1
152 16 1
78 146 1
134 96 1
195 82 1
158 106 1
215 15 1
219 72 1
77 106 1
81 111 1
91 178 1
110 146 1
185 57 1
39 178 1
63 56 1
104 39 1
67 189 1
33 125 1
87 166 1
124 58 1
56 202 1
114 64 1
80 48 1
43 68 1
104 182 1
52 190 1
180 107 1
42 116 1
119 102 1
194 91 1
104 197 1
86 85 1
89 183 1
52 45 1
180 26 1
109 76 1
119 23 1
142 90 1
199 95 1
203 24 1
65 95 1
75 34 1
94 194 1
169 41 1
47 72 1
108 42 1
71 182 1
75 179 1
98 112 1
61 124 1
118 119 1
47 57 1
198 63 1
112 188 1
60 180 1
151 111 1
64 63 1
192 100 1
50 126 1
88 181 1
107 115 1
127 124 1
93 188 1
60 43 1
164 89 1
130 89 1
59 210 1
79 31 1
49 24 1
103 165 1
177 35 1
35 93 1
220 71 1
59 67 1
116 16 1
82 96 1
102 103 1
49 105 1
44 164 1
176 116 1
34 142 1
72 37 1
54 117 1
129 162 1
115 73 1
44 59 1
101 166 1
162 42 1
219 39 1
148 105 1
101 55 1
54 151 1
111 98 1
43 130 1
161 83 1
90 171 1
53 37 1
181 16 1
87 213 1
57 34 1
43 19 1
100 64 1
90 90 1
53 86 1
218 23 1
147 17 1
57 147 1
119 213 1
123 158 1
214 75 1
53 199 1
62 111 1
146 58 1
166 57 1
85 71 1
213 114 1
160 98 1
38 71 1
95 114 1
42 138 1
165 64 1
41 50 1
95 131 1
118 32 1
122 47 1
175 27 1
216 40 1
179 92 1
145 28 1
41 67 1
212 28 1
178 92 1
127 131 1
37 151 1
121 94 1
84 86 1
73 195 1
74 108 1
40 20 1
150 73 1
121 207 1
69 151 1
197 98 1
144 114 1
73 172 1
201 103 1
150 56 1
211 58 1
126 171 1
36 183 1
183 32 1
45 63 1
106 63 1
159 75 1
126 58 1
183 81 1
120 111 1
45 80 1
106 78 1
196 83 1
125 83 1
92 156 1
58 28 1
78 91 1
105 31 1
158 19 1
125 196 1
128 66 1
152 72 1
78 202 1
134 40 1
67 87 1
195 42 1
215 55 1
77 50 1
110 74 1
185 113 1
114 57 1
39 122 1
80 105 1
63 112 1
104 127 1
123 205 1
124 98 1
52 199 1
33 37 1
56 130 1
66 39 1
104 142 1
33 150 1
52 118 1
180 35 1
113 64 1
76 76 1
42 76 1
119 46 1
86 157 1
142 99 1
109 20 1
51 167 1
142 18 1
199 39 1
203 32 1
118 157 1
94 154 1
169 97 1
98 73 1
61 51 1
88 79 1
51 69 1
108 114 1
40 210 1
98 56 1
61 164 1
107 170 1
141 76 1
112 196 1
60 124 1
64 103 1
107 59 1
70 77 1
127 52 1
102 205 1
177 26 1
163 91 1
59 26 1
210 98 1
49 32 1
177 107 1
72 159 1
35 21 1
92 66 1
55 78 1
220 15 1
116 72 1
82 40 1
102 47 1
44 108 1
135 71 1
176 60 1
34 182 1
72 125 1
54 61 1
162 82 1
219 111 1
148 33 1
58 163 1
101 79 1
181 39 1
111 154 1
43 202 1
161 27 1
90 99 1
87 157 1
181 72 1
53 29 1
57 90 1
76 146 1
43 91 1
100 24 1
90 18 1
53 142 1
147 73 1
57 203 1
119 157 1
194 116 1
123 70 1
86 78 1
214 115 1
38 173 1
62 39 1
85 142 1
123 55 1
160 59 1
166 65 1
132 49 1
42 179 1
122 133 1
85 127 1
213 42 1
95 74 1
175 98 1
216 113 1
145 75 1
71 205 1
37 77 1
165 24 1
118 104 1
122 103 1
127 202 1
202 31 1
131 25 1
41 155 1
84 31 1
212 84 1
178 100 1
70 30 1
127 91 1
37 175 1
117 81 1
121 22 1
144 43 1
73 155 1
74 164 1
150 113 1
121 135 1
50 189 1
69 111 1
197 58 1
73 100 1
201 63 1
83 63 1
159 114 1
36 207 1
55 61 1
183 104 1
106 119 1
126 114 1
96 33 1
149 25 1
120 167 1
68 207 1
200 95 1
54 110 1
105 70 1
68 94 1
125 27 1
128 155 1
78 147 1
152 17 1
134 97 1
158 107 1
34 77 1
125 140 1
67 47 1
110 147 1
185 56 1
124 59 1
218 48 1
56 203 1
114 65 1
80 49 1
104 183 1
124 170 1
214 44 1
180 116 1
52 191 1
56 186 1
184 111 1
62 112 1
66 111 1
104 198 1
89 182 1
52 46 1
180 27 1
109 75 1
119 22 1
86 197 1
89 39 1
142 91 1
75 84 1
51 159 1
94 195 1
169 40 1
118 197 1
179 67 1
108 43 1
75 178 1
94 82 1
98 113 1
61 123 1
47 56 1
108 186 1
40 170 1
64 48 1
50 127 1
88 182 1
107 114 1
198 79 1
93 187 1
60 36 1
50 206 1
70 149 1
93 44 1
97 41 1
79 105 1
103 87 1
126 140 1
35 207 1
102 149 1
49 31 1
177 34 1
163 19 1
220 64 1
59 66 1
116 17 1
82 97 1
210 42 1
49 104 1
35 45 1
34 143 1
72 38 1
182 63 1
115 72 1
78 124 1
44 52 1
101 165 1
48 63 1
158 52 1
162 43 1
129 210 1
77 188 1
81 57 1
101 54 1
87 103 1
219 87 1
161 82 1
181 31 1
111 210 1
43 18 1
100 65 1
63 95 1
90 91 1
53 85 1
57 146 1
147 16 1
143 68 1
53 198 1
119 69 1
85 213 1
86 118 1
146 59 1
85 70 1
160 99 1
71 119 1
146 74 1
42 139 1
118 182 1
122 189 1
85 55 1
165 79 1
95 130 1
118 33 1
47 111 1
175 26 1
216 41 1
145 19 1
71 149 1
112 74 1
41 66 1
118 80 1
198 24 1
127 130 1
74 26 1
37 150 1
202 87 1
131 81 1
121 93 1
84 87 1
178 44 1
70 102 1
73 194 1
127 19 1
211 76 1
46 15 1
121 206 1
69 150 1
144 115 1
73 83 1
150 57 1
121 191 1
106 173 1
69 39 1
73 60 1
159 74 1
126 59 1
55 101 1
183 80 1
45 79 1
106 79 1
182 104 1
129 28 1
186 103 1
149 81 1
196 92 1
125 82 1
54 86 1
105 30 1
215 65 1
125 195 1
128 67 1
58 140 1
152 73 1
78 203 1
134 41 1
67 86 1
105 175 1
34 117 1
125 180 1
91 76 1
90 140 1
110 75 1
185 112 1
124 99 1
143 43 1
56 131 1
110 58 1
104 143 1
123 189 1
33 149 1
52 119 1
180 44 1
214 84 1
56 114 1
184 39 1
38 134 1
113 71 1
124 210 1
66 87 1
217 33 1
109 19 1
51 166 1
89 31 1
142 19 1
109 164 1
75 28 1
94 155 1
169 96 1
61 50 1
84 149 1
108 115 1
94 42 1
98 57 1
61 163 1
151 33 1
141 75 1
108 130 1
40 98 1
168 55 1
107 58 1
130 111 1
50 150 1
36 69 1
93 20 1
59 172 1
97 81 1
79 33 1
103 159 1
35 135 1
126 196 1
163 90 1
120 29 1
210 99 1
102 93 1
49 39 1
177 106 1
163 43 1
92 67 1
116 73 1
82 41 1
135 49 1
48 104 1
34 183 1
72 126 1
78 180 1
209 59 1
34 38 1
162 83 1
91 59 1
54 173 1
111 52 1
77 68 1
43 188 1
209 84 1
101 78 1
87 47 1
167 87 1
33 87 1
161 26 1
181 87 1
76 147 1
43 90 1
100 25 1
90 19 1
53 141 1
147 72 1
57 202 1
86 79 1
85 141 1
123 54 1
86 190 1
160 60 1
38 61 1
95 36 1
99 33 1
65 113 1
193 36 1
85 126 1
71 63 1
145 74 1
118 105 1
47 39 1
112 146 1
41 154 1
131 24 1
60 146 1
192 26 1
84 24 1
50 88 1
70 31 1
198 96 1
127 90 1
74 82 1
37 174 1
202 111 1
117 80 1
121 21 1
144 44 1
73 154 1
127 43 1
164 39 1
70 174 1
83 81 1
121 134 1
46 71 1
69 110 1
73 107 1
55 143 1
126 115 1
129 43 1
149 24 1
44 194 1
176 74 1
200 64 1
54 111 1
182 80 1
129 68 1
58 98 1
186 31 1
115 111 1
105 69 1
68 95 1
125 26 1
128 156 1
54 30 1
148 87 1
101 17 1
195 84 1
125 139 1
67 46 1
91 180 1
185 63 1
39 172 1
67 191 1
124 52 1
90 68 1
218 49 1
56 204 1
124 171 1
143 99 1
56 187 1
184 112 1
42 114 1
133 89 1
62 113 1
104 199 1
123 101 1
89 181 1
52 47 1
109 74 1
56 42 1
113 15 1
38 206 1
213 92 1
89 38 1
217 25 1
199 89 1
42 148 1
122 166 1
51 158 1
89 87 1
75 36 1
169 47 1
179 66 1
108 36 1
94 83 1
61 122 1
118 117 1
84 205 1
108 187 1
202 48 1
40 171 1
168 96 1
151 105 1
64 49 1
88 183 1
108 202 1
93 186 1
40 58 1
168 15 1
50 207 1
201 73 1
93 43 1
130 87 1
97 40 1
79 104 1
103 86 1
106 182 1
35 206 1
36 157 1
93 92 1
79 25 1
103 167 1
126 28 1
35 95 1
163 18 1
220 65 1
183 79 1
96 95 1
120 85 1
210 43 1
102 101 1
49 111 1
68 157 1
186 64 1
72 39 1
92 186 1
48 48 1
219 57 1
77 187 1
81 56 1
101 53 1
67 125 1
158 68 1
87 102 1
34 110 1
91 99 1
54 149 1
111 108 1
39 195 1
43 132 1
81 73 1
110 172 1
167 31 1
33 31 1
53 197 1
76 42 1
66 112 1
86 119 1
166 63 1
193 115 1
85 69 1
160 100 1
142 52 1
71 118 1
146 75 1
75 115 1
38 69 1
95 124 1
118 183 1
65 57 1
85 54 1
94 188 1
118 38 1
122 45 1
88 117 1
145 18 1
112 75 1
118 81 1
178 90 1
198 25 1
74 27 1
37 149 1
131 80 1
60 90 1
41 210 1
117 103 1
192 66 1
84 80 1
50 96 1
70 103 1
127 18 1
74 106 1
150 79 1
121 205 1
69 149 1
144 116 1
73 82 1
59 131 1
211 60 1
121 190 1
69 38 1
73 35 1
102 182 1
106 61 1
182 105 1
129 19 1
149 80 1
44 138 1
176 18 1
54 87 1
182 24 1
129 140 1
58 26 1
115 39 1
105 29 1
125 194 1
215 64 1
162 76 1
128 68 1
54 198 1
111 19 1
148 15 1
101 41 1
67 89 1
105 174 1
195 44 1
215 49 1
125 179 1
57 60 1
39 116 1
114 55 1
123 207 1
124 124 1
90 60 1
143 42 1
56 132 1
110 59 1
147 47 1
143 91 1
56 115 1
184 40 1
38 135 1
42 74 1
123 45 1
217 32 1
109 18 1
146 28 1
38 22 1
132 95 1
213 20 1
89 30 1
217 81 1
109 163 1
199 33 1
37 87 1
41 44 1
169 103 1
98 71 1
84 150 1
51 71 1
108 108 1
94 43 1
131 63 1
151 32 1
61 162 1
212 50 1
107 172 1
141 74 1
108 131 1
202 72 1
40 99 1
168 56 1
211 107 1
46 40 1
50 151 1
197 68 1
36 70 1
93 19 1
130 31 1
97 80 1
79 32 1
103 158 1
106 142 1
35 134 1
36 213 1
59 28 1
120 30 1
45 33 1
126 84 1
35 23 1
92 92 1
163 42 1
120 141 1
135 48 1
102 45 1
68 213 1
196 34 1
135 65 1
48 105 1
72 127 1
152 55 1
209 58 1
34 39 1
91 58 1
219 97 1
77 67 1
209 75 1
101 77 1
67 53 1
87 46 1
91 171 1
111 164 1
39 139 1
43 204 1
33 86 1
87 159 1
110 100 1
76 140 1
167 39 1
80 87 1
104 93 1
33 199 1
52 165 1
119 159 1
194 114 1
76 114 1
86 191 1
203 113 1
166 71 1
99 32 1
65 112 1
193 59 1
85 125 1
51 133 1
71 62 1
75 59 1
95 180 1
175 108 1
71 207 1
94 116 1
118 110 1
122 101 1
88 45 1
112 147 1
60 147 1
192 27 1
84 25 1
50 89 1
178 98 1
198 97 1
74 83 1
37 173 1
117 95 1
50 40 1
70 175 1
127 42 1
74 162 1
164 32 1
130 112 1
83 80 1
121 133 1
103 45 1
69 109 1
35 213 1
73 106 1
55 142 1
59 203 1
55 63 1
116 63 1
210 68 1
102 126 1
106 117 1
72 189 1
129 42 1
149 39 1
44 195 1
176 75 1
200 65 1
182 81 1
129 91 1
58 99 1
44 82 1
101 143 1
54 31 1
148 80 1
58 210 1
115 31 1
134 103 1
101 16 1
105 213 1
87 93 1
125 138 1
162 116 1
54 142 1
111 75 1
43 155 1
101 97 1
67 17 1
90 210 1
181 57 1
67 190 1
53 127 1
57 116 1
39 60 1
133 55 1
124 164 1
214 34 1
143 98 1
56 188 1
184 113 1
147 103 1
42 115 1
133 88 1
56 43 1
38 207 1
166 16 1
213 91 1
89 37 1
217 24 1
199 88 1
146 100 1
38 94 1
95 27 1
132 23 1
122 167 1
89 86 1
122 22 1
216 79 1
37 111 1
75 180 1
41 100 1
98 15 1
84 206 1
108 180 1
202 49 1
40 172 1
168 97 1
151 104 1
121 71 1
84 61 1
212 106 1
50 125 1
107 116 1
108 203 1
40 59 1
201 72 1
93 42 1
97 47 1
211 35 1
46 96 1
106 183 1
197 28 1
126 178 1
36 158 1
93 91 1
79 24 1
103 166 1
106 198 1
35 94 1
96 80 1
59 68 1
82 95 1
120 86 1
45 105 1
68 158 1
126 108 1
35 47 1
186 65 1
120 197 1
68 45 1
125 76 1
34 141 1
128 202 1
92 187 1
186 48 1
78 66 1
48 49 1
158 58 1
219 56 1
77 186 1
152 111 1
81 63 1
195 51 1
34 111 1
91 98 1
110 194 1
39 194 1
81 72 1
91 147 1
39 83 1
114 16 1
43 20 1
63 89 1
33 30 1
110 28 1
80 31 1
104 149 1
33 143 1
52 157 1
180 74 1
113 89 1
76 43 1
119 71 1
66 113 1
193 114 1
75 114 1
203 57 1
65 56 1
85 53 1
75 195 1
95 140 1
61 44 1
118 39 1
47 105 1
175 36 1
88 118 1
71 151 1
112 76 1
94 76 1
151 31 1
118 86 1
178 91 1
107 195 1
127 140 1
60 91 1
192 67 1
84 81 1
50 97 1
178 42 1
74 107 1
117 23 1
130 56 1
59 130 1
150 63 1
79 79 1
121 189 1
103 117 1
69 37 1
73 34 1
102 183 1
49 57 1
177 76 1
159 52 1
55 103 1
106 77 1
129 18 1
149 95 1
44 139 1
176 19 1
182 25 1
129 131 1
58 27 1
44 26 1
101 199 1
54 199 1
111 18 1
58 138 1
134 47 1
101 40 1
67 88 1
105 173 1
125 178 1
215 48 1
111 131 1
90 138 1
218 71 1
181 113 1
57 67 1
100 103 1
123 206 1
53 183 1
57 172 1
133 15 1
123 191 1
214 106 1
143 90 1
56 116 1
184 41 1
42 75 1
160 18 1
217 39 1
38 23 1
166 88 1
132 88 1
213 19 1
89 29 1
217 80 1
71 85 1
109 162 1
199 32 1
38 102 1
95 83 1
175 75 1
145 108 1
37 86 1
165 97 1
41 19 1
84 151 1
122 78 1
51 70 1
37 39 1
41 188 1
98 55 1
212 51 1
74 60 1
202 73 1
40 100 1
168 57 1
131 79 1
121 127 1
84 117 1
107 60 1
150 104 1
46 41 1
211 106 1
197 67 1
36 71 1
55 165 1
93 18 1
97 87 1
106 143 1
126 202 1
163 92 1
120 31 1
45 32 1
106 30 1
35 22 1
96 24 1
82 39 1
120 142 1
196 35 1
92 204 1
58 76 1
135 64 1
105 111 1
68 101 1
125 116 1
34 181 1
128 178 1
152 56 1
78 186 1
158 114 1
215 103 1
219 96 1
77 66 1
209 74 1
91 170 1
185 33 1
39 138 1
167 81 1
67 197 1
124 18 1
87 158 1
33 85 1
39 27 1
114 88 1
80 72 1
43 92 1
104 94 1
33 198 1
52 166 1
76 28 1
119 158 1
194 115 1
86 77 1
33 183 1
52 85 1
109 100 1
113 97 1
76 115 1
142 66 1
203 112 1
193 58 1
75 58 1
169 49 1
51 53 1
71 206 1
75 139 1
95 196 1
98 104 1
61 84 1
118 111 1
47 33 1
88 46 1
141 28 1
112 148 1
60 172 1
151 71 1
192 28 1
50 86 1
178 99 1
107 139 1
70 29 1
127 68 1
50 41 1
164 33 1
74 163 1
130 113 1
59 202 1
177 59 1
103 189 1
35 165 1
55 62 1
59 59 1
116 56 1
102 127 1
49 65 1
72 190 1
44 188 1
135 23 1
176 76 1
54 109 1
129 90 1
115 113 1
44 83 1
101 142 1
129 203 1
148 81 1
101 31 1
54 143 1
111 74 1
43 154 1
101 96 1
67 16 1
161 75 1
87 205 1
181 56 1
111 187 1
43 43 1
161 36 1
90 66 1
53 126 1
218 63 1
57 123 1
100 63 1
119 205 1
194 36 1
214 35 1
133 71 1
123 103 1
56 44 1
166 17 1
85 175 1
213 90 1
160 90 1
217 31 1
38 95 1
166 96 1
95 26 1
42 146 1
132 16 1
99 95 1
89 85 1
71 29 1
95 171 1
122 23 1
216 80 1
179 68 1
145 52 1
37 110 1
165 57 1
41 107 1
84 207 1
121 70 1
84 62 1
212 107 1
108 196 1
74 116 1
40 60 1
121 55 1
50 205 1
69 191 1
73 180 1
201 79 1
150 16 1
83 111 1
46 97 1
211 34 1
197 27 1
126 179 1
36 159 1
93 90 1
106 199 1
159 83 1
163 20 1
183 73 1
96 81 1
120 87 1
45 104 1
68 159 1
106 86 1
35 46 1
120 198 1
68 46 1
125 75 1
128 203 1
92 180 1
186 49 1
78 67 1
105 39 1
158 59 1
125 60 1
128 122 1
152 112 1
134 64 1
67 127 1
195 50 1
158 74 1
215 47 1
110 195 1
81 79 1
218 96 1
91 146 1
110 178 1
185 89 1
114 17 1
39 82 1
167 25 1
63 88 1
67 157 1
124 90 1
33 29 1
39 35 1
114 96 1
80 16 1
104 150 1
33 142 1
52 158 1
180 75 1
113 88 1
76 36 1
42 84 1
119 70 1
86 117 1
89 151 1
109 44 1
113 41 1
142 58 1
199 63 1
203 56 1
118 181 1
65 63 1
179 51 1
75 194 1
94 162 1
61 43 1
47 104 1
88 119 1
51 109 1
71 150 1
98 16 1
61 156 1
118 87 1
107 194 1
141 36 1
198 31 1
60 84 1
64 31 1
192 68 1
50 30 1
178 43 1
107 83 1
70 101 1
88 149 1
127 28 1
93 156 1
130 57 1
49 56 1
177 67 1
103 197 1
35 125 1
92 122 1
55 102 1
220 39 1
59 99 1
116 112 1
82 64 1
182 111 1
78 44 1
44 132 1
135 95 1
48 79 1
176 20 1
34 174 1
72 69 1
54 85 1
129 130 1
77 204 1
115 41 1
44 27 1
101 198 1
162 74 1
58 139 1
101 87 1
111 130 1
161 115 1
90 139 1
181 112 1
57 66 1
43 115 1
100 96 1
90 58 1
143 52 1
53 182 1
147 49 1
57 179 1
119 181 1
194 108 1
123 190 1
86 38 1
214 107 1
38 133 1
62 15 1
123 47 1
160 19 1
146 26 1
203 87 1
166 89 1
132 89 1
85 103 1
213 18 1
217 87 1
38 103 1
95 82 1
175 74 1
145 99 1
37 85 1
112 26 1
165 96 1
41 18 1
122 79 1
175 59 1
127 210 1
37 38 1
131 33 1
41 163 1
212 60 1
70 54 1
127 163 1
37 183 1
41 204 1
121 126 1
84 118 1
74 140 1
150 105 1
50 149 1
69 119 1
197 66 1
144 82 1
73 76 1
83 39 1
126 203 1
55 213 1
45 31 1
106 31 1
159 43 1
126 90 1
163 44 1
96 25 1
120 143 1
196 44 1
200 39 1
105 110 1
68 102 1
125 115 1
128 179 1
58 60 1
152 57 1
78 187 1
158 115 1
34 37 1
91 60 1
128 34 1
67 55 1
185 32 1
167 80 1
124 19 1
218 88 1
110 106 1
114 89 1
39 26 1
80 73 1
167 33 1
104 95 1
33 197 1
124 130 1
52 167 1
56 162 1
184 87 1
62 88 1
33 182 1
52 86 1
109 99 1
113 96 1
76 108 1
42 44 1
86 189 1
89 207 1
142 67 1
51 135 1
169 48 1
179 107 1
75 138 1
94 122 1
169 65 1
98 105 1
61 83 1
47 32 1
88 47 1
141 27 1
108 82 1
40 178 1
61 196 1
64 40 1
50 87 1
107 138 1
141 108 1
198 103 1
60 28 1
64 71 1
50 38 1
107 27 1
70 173 1
36 21 1
93 196 1
103 47 1
126 148 1
177 58 1
59 58 1
116 57 1
210 66 1
49 64 1
72 191 1
35 53 1
92 34 1
182 87 1
115 112 1
78 100 1
44 76 1
101 141 1
48 23 1
54 29 1
129 202 1
77 148 1
209 36 1
101 30 1
87 95 1
162 114 1
219 79 1
101 111 1
161 74 1
111 186 1
43 42 1
63 39 1
161 59 1
90 67 1
53 125 1
87 189 1
57 122 1
76 178 1
100 56 1
143 108 1
147 105 1
119 125 1
194 84 1
123 102 1
86 110 1
38 205 1
85 174 1
160 91 1
146 98 1
203 31 1
166 97 1
42 147 1
132 17 1
118 174 1
122 165 1
85 31 1
165 87 1
95 170 1
47 87 1
216 81 1
145 43 1
71 173 1
37 109 1
112 34 1
165 56 1
41 106 1
60 194 1
118 72 1
198 48 1
202 63 1
121 69 1
84 63 1
212 116 1
70 126 1
127 123 1
117 49 1
121 54 1
69 190 1
73 187 1
74 196 1
150 17 1
121 167 1
106 181 1
69 79 1
197 26 1
159 82 1
55 29 1
183 72 1
45 103 1
106 87 1
200 16 1
129 52 1
186 79 1
149 57 1
120 199 1
68 47 1
196 100 1
125 74 1
54 78 1
128 204 1
105 38 1
125 59 1
128 123 1
152 113 1
134 65 1
67 126 1
105 183 1
158 75 1
34 109 1
125 172 1
91 100 1
67 15 1
90 180 1
218 97 1
110 179 1
185 88 1
167 24 1
124 91 1
218 16 1
110 34 1
114 97 1
39 34 1
80 17 1
133 41 1
104 151 1
123 149 1
33 141 1
52 159 1
180 84 1
214 76 1
56 90 1
184 15 1
38 158 1
113 95 1
124 202 1
62 16 1
66 79 1
89 150 1
109 43 1
113 40 1
142 59 1
109 188 1
75 116 1
179 50 1
94 163 1
61 42 1
118 37 1
94 50 1
98 17 1
61 155 1
151 25 1
141 35 1
108 154 1
40 138 1
168 95 1
64 16 1
50 31 1
88 150 1
107 82 1
93 155 1
36 45 1
59 132 1
97 73 1
79 73 1
103 119 1
126 172 1
183 63 1
102 181 1
49 63 1
177 66 1
163 51 1
92 123 1
220 32 1
59 98 1
116 113 1
82 65 1
48 64 1
34 175 1
72 70 1
182 31 1
77 203 1
115 40 1
78 92 1
44 20 1
101 197 1
158 20 1
34 30 1
162 75 1
54 197 1
111 28 1
77 92 1
81 25 1
209 108 1
101 86 1
33 79 1
161 114 1
43 114 1
100 97 1
90 59 1
53 181 1
57 178 1
147 48 1
66 32 1
86 39 1
119 37 1
123 46 1
86 150 1
160 20 1
142 100 1
146 27 1
38 21 1
65 105 1
193 92 1
85 102 1
71 87 1
203 39 1
118 150 1
145 98 1
112 27 1
165 111 1
47 15 1
175 58 1
37 37 1
112 106 1
41 162 1
131 32 1
60 138 1
192 50 1
70 55 1
127 162 1
74 58 1
37 182 1
121 125 1
84 119 1
70 70 1
127 51 1
164 15 1
211 108 1
46 47 1
69 118 1
144 83 1
73 115 1
55 167 1
102 198 1
106 141 1
159 42 1
126 91 1
55 69 1
200 40 1
182 72 1
129 124 1
58 74 1
149 113 1
105 109 1
68 103 1
125 114 1
54 54 1
128 180 1
215 97 1
128 35 1
58 172 1
67 54 1
105 143 1
91 172 1
185 39 1
39 132 1
67 199 1
124 44 1
90 108 1
218 89 1
110 107 1
167 32 1
124 131 1
56 163 1
184 88 1
133 97 1
62 89 1
123 93 1
33 181 1
52 87 1
214 116 1
109 98 1
56 18 1
38 166 1
113 103 1
62 40 1
213 68 1
89 206 1
199 113 1
42 188 1
122 142 1
51 134 1
89 127 1
109 132 1
75 60 1
169 55 1
51 55 1
179 106 1
108 60 1
94 123 1
169 64 1
61 82 1
118 109 1
84 181 1
141 26 1
108 83 1
202 24 1
40 179 1
151 65 1
61 195 1
64 41 1
141 107 1
40 66 1
168 23 1
64 88 1
50 39 1
107 26 1
201 81 1
36 22 1
93 195 1
130 79 1
103 46 1
50 182 1
36 101 1
93 116 1
59 204 1
97 113 1
103 191 1
35 167 1
183 103 1
120 61 1
210 67 1
102 125 1
49 71 1
68 165 1
92 35 1
135 17 1
92 210 1
77 147 1
78 148 1
209 27 1
101 29 1
158 108 1
87 94 1
34 70 1
162 115 1
91 27 1
54 141 1
111 84 1
77 100 1
43 156 1
81 97 1
101 110 1
87 207 1
110 148 1
104 45 1
33 119 1
161 58 1
76 179 1
100 57 1
119 207 1
194 34 1
147 104 1
66 104 1
86 111 1
166 23 1
193 107 1
85 173 1
160 92 1
142 92 1
146 99 1
75 75 1
38 93 1
99 65 1
118 175 1
65 81 1
85 30 1
71 31 1
94 196 1
122 21 1
145 42 1
112 35 1
165 39 1
60 195 1
118 73 1
198 49 1
112 178 1
60 178 1
84 56 1
70 127 1
198 64 1
127 122 1
74 114 1
117 48 1
121 53 1
69 189 1
70 142 1
73 186 1
164 71 1
83 113 1
121 166 1
211 36 1
46 103 1
69 78 1
102 142 1
106 197 1
200 17 1
149 56 1
44 162 1
176 106 1
200 96 1
54 79 1
182 48 1
129 164 1
186 63 1
115 79 1
105 37 1
125 58 1
162 36 1
128 124 1
101 49 1
67 97 1
105 182 1
195 52 1
215 41 1
125 171 1
53 47 1
91 148 1
57 36 1
185 95 1
39 76 1
114 15 1
67 159 1
124 84 1
90 36 1
218 17 1
110 35 1
147 23 1
133 40 1
124 203 1
143 67 1
56 91 1
184 16 1
38 159 1
42 82 1
62 17 1
89 149 1
109 42 1
146 52 1
113 47 1
132 103 1
109 187 1
199 57 1
122 198 1
75 196 1
41 52 1
169 15 1
51 111 1
94 51 1
151 24 1
61 154 1
118 85 1
212 26 1
141 34 1
107 196 1
108 155 1
202 80 1
40 139 1
168 64 1
64 17 1
88 151 1
93 154 1
40 26 1
211 83 1
46 16 1
197 108 1
36 46 1
201 105 1
130 55 1
97 72 1
79 72 1
103 118 1
106 150 1
36 189 1
45 57 1
103 199 1
126 60 1
35 127 1
92 116 1
220 33 1
163 50 1
120 117 1
186 96 1
78 50 1
135 89 1
48 65 1
72 71 1
92 154 1
77 202 1
34 31 1
219 25 1
77 91 1
78 204 1
81 24 1
209 99 1
101 85 1
67 93 1
91 67 1
111 140 1
77 44 1
33 78 1
110 76 1
167 63 1
80 111 1
104 101 1
33 63 1
52 205 1
119 183 1
66 33 1
194 106 1
76 74 1
66 80 1
86 151 1
203 73 1
166 95 1
65 104 1
193 83 1
85 101 1
51 173 1
142 20 1
71 86 1
75 19 1
38 101 1
95 92 1
118 151 1
65 25 1
175 84 1
112 28 1
94 156 1
122 77 1
88 85 1
112 107 1
60 139 1
192 51 1
74 59 1
37 181 1
60 122 1
117 71 1
84 112 1
70 71 1
127 50 1
74 138 1
130 104 1
150 111 1
69 117 1
144 84 1
73 114 1
55 166 1
59 163 1
83 41 1
102 199 1
177 28 1
116 39 1
210 92 1
102 86 1
106 29 1
72 133 1
149 15 1
200 41 1
182 73 1
129 115 1
58 75 1
149 112 1
44 106 1
101 151 1
176 50 1
54 55 1
58 58 1
215 96 1
162 108 1
128 36 1
54 166 1
111 51 1
148 47 1
43 179 1
101 73 1
67 57 1
105 142 1
181 33 1
67 198 1
53 103 1
57 92 1
114 87 1
39 20 1
124 156 1
214 26 1
90 28 1
56 164 1
184 89 1
147 79 1
133 96 1
56 19 1
38 167 1
42 42 1
62 41 1
213 67 1
89 205 1
199 112 1
38 54 1
95 35 1
132 63 1
122 143 1
213 52 1
89 126 1
109 131 1
51 54 1
37 119 1
75 140 1
169 71 1
98 103 1
84 182 1
108 76 1
202 25 1
40 180 1
131 31 1
151 64 1
61 194 1
84 37 1
212 82 1
50 85 1
107 140 1
141 106 1
202 104 1
40 67 1
168 24 1
64 89 1
201 80 1
36 23 1
93 194 1
46 72 1
50 183 1
197 36 1
126 154 1
36 102 1
201 33 1
93 115 1
97 112 1
103 190 1
35 166 1
96 72 1
59 60 1
120 62 1
68 166 1
126 116 1
35 55 1
92 60 1
96 39 1
120 173 1
135 16 1
68 53 1
186 24 1
78 106 1
77 146 1
152 23 1
209 26 1
195 91 1
34 71 1
91 26 1
219 65 1
77 99 1
81 96 1
101 109 1
67 21 1
87 206 1
91 139 1
111 196 1
39 171 1
43 44 1
63 33 1
104 46 1
33 118 1
87 191 1
76 172 1
80 55 1
119 206 1
194 35 1
104 189 1
52 133 1
180 114 1
119 127 1
66 105 1
194 82 1
193 106 1
75 74 1
203 17 1
166 103 1
99 64 1
65 80 1
193 27 1
85 29 1
71 30 1
95 148 1
47 81 1
71 175 1
112 36 1
94 84 1
118 78 1
127 148 1
112 179 1
60 179 1
84 57 1
198 65 1
74 115 1
60 34 1
117 63 1
70 143 1
74 194 1
164 64 1
130 80 1
150 23 1
83 112 1
121 165 1
103 77 1
69 77 1
102 143 1
49 17 1
177 36 1
159 92 1
55 31 1
116 31 1
210 36 1
102 30 1
106 85 1
149 71 1
44 163 1
176 107 1
200 97 1
182 49 1
129 187 1
44 50 1
101 175 1
148 112 1
134 71 1
101 48 1
67 96 1
105 181 1
87 125 1
125 170 1
215 40 1
111 107 1
161 84 1
90 178 1
53 46 1
181 25 1
218 111 1
57 43 1
100 79 1
67 158 1
53 95 1
57 148 1
133 23 1
123 151 1
124 196 1
214 66 1
143 66 1
56 92 1
184 17 1
42 83 1
166 48 1
132 96 1
71 109 1
109 186 1
146 68 1
199 56 1
38 126 1
95 123 1
122 199 1
179 52 1
165 73 1
41 59 1
122 54 1
51 110 1
216 47 1
41 68 1
98 47 1
212 27 1
108 148 1
202 81 1
40 140 1
168 65 1
131 87 1
121 103 1
84 93 1
50 29 1
107 84 1
73 196 1
40 27 1
150 64 1
46 17 1
211 82 1
197 107 1
201 104 1
36 47 1
97 79 1
106 151 1
126 210 1
36 190 1
183 57 1
45 56 1
103 198 1
106 38 1
35 126 1
96 112 1
59 100 1
82 63 1
120 118 1
45 73 1
186 97 1
78 51 1
135 88 1
105 119 1
196 90 1
125 108 1
34 173 1
128 170 1
92 155 1
152 32 1
78 162 1
158 26 1
215 95 1
219 24 1
77 90 1
152 79 1
81 31 1
209 98 1
195 19 1
91 66 1
77 43 1
33 77 1
39 115 1
114 48 1
80 96 1
43 116 1
104 102 1
33 62 1
52 206 1
110 60 1
119 182 1
194 107 1
86 37 1
33 175 1
52 125 1
180 42 1
109 124 1
76 75 1
119 39 1
66 81 1
142 106 1
203 72 1
65 111 1
193 82 1
75 18 1
65 24 1
98 64 1
61 76 1
88 86 1
112 108 1
94 44 1
60 132 1
151 63 1
192 52 1
88 197 1
107 163 1
70 53 1
127 172 1
60 123 1
84 113 1
74 139 1
130 105 1
130 24 1
59 162 1
79 47 1
83 40 1
103 149 1
177 19 1
35 141 1
59 19 1
116 32 1
102 87 1
49 89 1
177 108 1
159 20 1
72 134 1
55 71 1
116 87 1
135 47 1
102 38 1
72 21 1
129 114 1
44 107 1
101 150 1
176 51 1
58 59 1
54 167 1
111 50 1
58 170 1
148 40 1
43 178 1
134 15 1
101 72 1
67 56 1
105 141 1
87 37 1
181 32 1
111 163 1
43 195 1
161 28 1
90 106 1
53 102 1
181 81 1
218 39 1
57 99 1
214 27 1
53 151 1
57 204 1
133 111 1
62 95 1
123 95 1
56 20 1
42 43 1
85 151 1
213 66 1
160 50 1
38 55 1
95 34 1
132 56 1
42 186 1
99 39 1
213 51 1
89 125 1
71 53 1
109 130 1
95 179 1
175 107 1
179 108 1
145 76 1
37 118 1
41 115 1
84 183 1
122 110 1
37 199 1
41 156 1
84 38 1
212 83 1
74 92 1
202 105 1
40 68 1
168 25 1
121 31 1
50 37 1
69 199 1
107 28 1
144 34 1
73 156 1
201 87 1
83 87 1
46 73 1
197 35 1
126 155 1
36 103 1
201 32 1
93 114 1
55 133 1
183 97 1
96 73 1
120 63 1
68 167 1
106 126 1
35 54 1
96 56 1
120 174 1
68 54 1
92 172 1
58 108 1
186 25 1
78 107 1
105 79 1
68 69 1
125 20 1
34 213 1
128 146 1
152 24 1
78 154 1
134 88 1
195 90 1
158 82 1
219 64 1
77 98 1
81 103 1
91 138 1
110 154 1
185 65 1
39 170 1
167 113 1
63 32 1
104 47 1
67 165 1
33 117 1
124 50 1
87 190 1
56 210 1
39 59 1
80 40 1
104 190 1
52 134 1
180 115 1
76 60 1
42 124 1
119 126 1
194 83 1
104 205 1
86 109 1
89 191 1
52 53 1
109 68 1
142 34 1
199 87 1
203 16 1
118 173 1
65 87 1
193 26 1
94 202 1
169 17 1
47 80 1
51 21 1
108 34 1
71 174 1
75 171 1
61 116 1
118 79 1
141 60 1
198 55 1
112 180 1
60 76 1
151 103 1
64 55 1
50 118 1
88 189 1
107 107 1
70 125 1
127 100 1
93 180 1
60 35 1
164 65 1
74 195 1
130 81 1
49 16 1
177 91 1
35 69 1
55 30 1
220 95 1
59 91 1
116 24 1
82 88 1
102 31 1
49 97 1
44 156 1
176 108 1
34 134 1
72 45 1
54 77 1
129 186 1
115 81 1
44 51 1
101 174 1
162 34 1
219 63 1
148 113 1
101 63 1
111 106 1
161 107 1
90 179 1
53 45 1
181 24 1
57 42 1
100 72 1
90 34 1
53 94 1
218 31 1
147 25 1
57 155 1
119 173 1
123 150 1
86 30 1
214 67 1
53 207 1
38 157 1
62 23 1
146 50 1
166 49 1
132 97 1
85 79 1
38 127 1
95 122 1
165 72 1
41 58 1
95 139 1
118 56 1
122 55 1
175 35 1
216 48 1
145 20 1
41 75 1
212 36 1
178 84 1
127 139 1
37 159 1
117 97 1
121 102 1
84 94 1
73 203 1
74 148 1
40 28 1
150 65 1
69 159 1
197 106 1
144 106 1
73 84 1
201 111 1
150 48 1
83 15 1
36 191 1
55 205 1
183 56 1
45 55 1
106 39 1
159 51 1
126 34 1
163 52 1
96 113 1
120 119 1
45 72 1
196 52 1
200 15 1
105 118 1
196 91 1
125 107 1
128 171 1
92 148 1
58 36 1
78 163 1
152 33 1
158 27 1
34 29 1
128 90 1
152 80 1
78 210 1
134 32 1
67 95 1
195 18 1
77 42 1
218 64 1
110 82 1
114 49 1
39 114 1
80 97 1
167 57 1
104 103 1
123 197 1
124 122 1
33 61 1
52 207 1
56 138 1
66 63 1
33 174 1
52 126 1
180 43 1
109 123 1
76 68 1
42 52 1
119 38 1
86 149 1
142 107 1
51 175 1
142 26 1
199 31 1
118 149 1
65 31 1
179 19 1
94 130 1
169 105 1
98 65 1
61 75 1
88 87 1
51 77 1
108 106 1
98 48 1
61 188 1
88 198 1
107 162 1
141 68 1
60 116 1
50 62 1
107 51 1
70 69 1
127 60 1
130 25 1
102 197 1
177 18 1
163 67 1
59 18 1
116 33 1
210 90 1
49 88 1
177 99 1
72 135 1
35 29 1
92 90 1
55 70 1
116 80 1
82 32 1
102 39 1
72 22 1
182 79 1
44 100 1
101 149 1
48 111 1
176 52 1
34 206 1
72 101 1
54 53 1
209 60 1
162 106 1
219 103 1
148 41 1
58 171 1
101 119 1
181 47 1
111 162 1
43 194 1
63 15 1
87 149 1
90 107 1
53 101 1
181 80 1
161 19 1
57 98 1
76 138 1
43 83 1
90 26 1
53 150 1
143 20 1
147 81 1
119 149 1
194 76 1
123 94 1
86 70 1
38 165 1
62 47 1
85 150 1
160 51 1
132 57 1
42 187 1
122 141 1
213 50 1
95 178 1
175 106 1
145 67 1
71 197 1
37 117 1
112 58 1
41 114 1
95 195 1
118 96 1
122 111 1
37 198 1
41 131 1
84 39 1
212 92 1
178 28 1
70 22 1
127 67 1
117 89 1
121 30 1
69 198 1
144 35 1
73 131 1
74 172 1
121 143 1
50 181 1
69 87 1
197 34 1
73 108 1
201 39 1
55 53 1
183 96 1
106 127 1
126 122 1
129 44 1
96 57 1
149 33 1
120 175 1
68 55 1
200 71 1
54 102 1
105 78 1
68 70 1
125 19 1
128 147 1
78 155 1
152 25 1
134 89 1
158 83 1
34 69 1
125 132 1
91 28 1
67 23 1
110 155 1
185 64 1
167 112 1
124 51 1
218 56 1
39 58 1
80 41 1
133 49 1
104 191 1
123 141 1
124 162 1
52 135 1
214 36 1
56 66 1
66 103 1
104 206 1
89 190 1
52 54 1
109 67 1
89 47 1
142 35 1
75 76 1
94 203 1
169 16 1
179 75 1
108 35 1
75 170 1
94 90 1
61 115 1
141 59 1
108 178 1
40 146 1
168 103 1
50 119 1
88 190 1
107 106 1
198 71 1
93 179 1
60 60 1
50 198 1
70 141 1
36 53 1
93 36 1
97 33 1
79 113 1
103 79 1
126 180 1
102 141 1
49 23 1
177 90 1
163 27 1
220 88 1
59 90 1
116 25 1
82 89 1
210 34 1
49 96 1
48 88 1
34 135 1
72 46 1
182 55 1
115 80 1
78 68 1
44 44 1
101 173 1
48 55 1
158 60 1
162 35 1
77 180 1
81 49 1
101 62 1
87 127 1
110 196 1
161 106 1
181 103 1
100 73 1
63 71 1
90 35 1
53 93 1
57 154 1
147 24 1
76 210 1
86 31 1
143 76 1
53 206 1
119 93 1
86 142 1
146 51 1
99 17 1
193 116 1
85 78 1
71 111 1
146 66 1
203 63 1
118 142 1
122 197 1
85 63 1
95 138 1
118 57 1
175 34 1
216 49 1
71 141 1
112 66 1
41 74 1
192 42 1
198 16 1
127 138 1
37 158 1
202 95 1
131 89 1
117 96 1
121 101 1
84 95 1
178 36 1
70 94 1
73 202 1
127 27 1
164 23 1
117 17 1
211 84 1
46 23 1
69 158 1
144 107 1
73 91 1
150 49 1
106 149 1
69 47 1
73 36 1
159 50 1
126 35 1
55 125 1
45 71 1
200 48 1
182 96 1
129 20 1
186 111 1
149 89 1
105 117 1
196 68 1
125 106 1
128 172 1
54 46 1
215 89 1
128 91 1
58 148 1
152 81 1
134 33 1
67 94 1
105 151 1
91 68 1
185 15 1
39 156 1
90 148 1
218 65 1
110 83 1
167 56 1
124 123 1
143 51 1
56 139 1
184 64 1
123 181 1
33 173 1
52 127 1
180 52 1
109 122 1
56 122 1
214 108 1
38 190 1
184 47 1
62 48 1
217 41 1
42 196 1
51 174 1
89 103 1
142 27 1
109 156 1
75 20 1
179 18 1
94 131 1
169 104 1
61 74 1
84 157 1
108 107 1
94 18 1
98 49 1
151 57 1
61 187 1
88 199 1
141 67 1
40 106 1
168 63 1
64 112 1
50 63 1
107 50 1
130 103 1
50 142 1
70 213 1
36 77 1
93 108 1
59 164 1
97 105 1
79 41 1
103 151 1
35 143 1
163 66 1
126 204 1
183 31 1
120 37 1
210 91 1
102 85 1
49 95 1
177 98 1
92 91 1
116 81 1
82 33 1
135 41 1
72 23 1
92 202 1
48 96 1
34 207 1
72 102 1
78 188 1
209 51 1
158 116 1
34 62 1
162 107 1
91 51 1
54 165 1
111 60 1
77 124 1
43 180 1
209 76 1
101 118 1
87 39 1
167 79 1
104 53 1
33 111 1
161 18 1
181 95 1
76 139 1
43 82 1
90 27 1
53 149 1
147 80 1
76 26 1
57 210 1
86 71 1
85 149 1
86 182 1
160 52 1
142 68 1
38 53 1
95 44 1
99 41 1
65 73 1
193 60 1
71 55 1
145 66 1
112 59 1
165 15 1
95 194 1
118 97 1
47 47 1
112 138 1
37 197 1
41 130 1
60 170 1
192 18 1
84 32 1
50 80 1
70 23 1
198 88 1
127 66 1
74 90 1
117 88 1
121 29 1
69 197 1
70 166 1
73 130 1
144 36 1
164 47 1
83 89 1
121 142 1
46 79 1
69 86 1
73 19 1
55 135 1
126 123 1
129 35 1
149 32 1
44 186 1
176 66 1
200 72 1
54 103 1
182 40 1
129 92 1
58 106 1
186 39 1
105 77 1
68 71 1
125 18 1
162 28 1
128 148 1
54 22 1
148 95 1
101 25 1
195 92 1
125 131 1
67 22 1
91 140 1
185 71 1
39 164 1
67 167 1
124 76 1
90 76 1
218 57 1
133 48 1
124 163 1
143 107 1
56 67 1
42 122 1
133 65 1
104 207 1
123 125 1
89 189 1
52 55 1
109 66 1
56 50 1
38 198 1
213 100 1
89 46 1
217 97 1
199 81 1
42 156 1
122 174 1
89 95 1
169 23 1
51 23 1
179 74 1
108 28 1
94 91 1
61 114 1
118 77 1
84 213 1
141 58 1
108 179 1
202 56 1
40 147 1
168 104 1
151 97 1
88 191 1
108 194 1
93 178 1
40 34 1
50 199 1
197 116 1
36 54 1
201 113 1
93 35 1
130 47 1
97 32 1
79 112 1
103 78 1
106 190 1
36 133 1
93 84 1
35 71 1
163 26 1
92 108 1
220 89 1
183 71 1
96 87 1
120 93 1
210 35 1
102 29 1
49 103 1
68 133 1
186 72 1
135 113 1
48 89 1
72 47 1
92 178 1
48 40 1
219 49 1
77 179 1
81 48 1
101 61 1
67 101 1
158 76 1
87 126 1
34 102 1
91 123 1
111 116 1
81 65 1
110 180 1
167 23 1
33 23 1
119 175 1
53 205 1
76 34 1
66 72 1
86 143 1
166 55 1
99 16 1
193 75 1
85 77 1
142 60 1
71 110 1
146 67 1
75 107 1
38 125 1
95 100 1
99 97 1
118 143 1
65 49 1
85 62 1
94 164 1
118 62 1
122 53 1
88 125 1
112 67 1
192 43 1
178 82 1
198 17 1
37 157 1
112 210 1
131 88 1
60 82 1
117 111 1
192 90 1
84 88 1
50 24 1
70 95 1
127 26 1
74 146 1
164 16 1
150 71 1
117 16 1
121 213 1
103 29 1
69 157 1
144 108 1
73 90 1
164 103 1
59 155 1
83 17 1
69 46 1
73 43 1
55 207 1
210 116 1
102 174 1
106 37 1
200 49 1
182 97 1
129 107 1
149 88 1
44 130 1
54 47 1
182 16 1
129 132 1
58 34 1
115 47 1
215 88 1
162 68 1
128 92 1
111 27 1
148 23 1
101 81 1
67 65 1
105 150 1
195 20 1
57 68 1
39 108 1
114 47 1
123 199 1
124 116 1
143 50 1
56 140 1
184 65 1
147 55 1
56 123 1
184 48 1
38 191 1
42 50 1
62 49 1
123 37 1
217 40 1
146 20 1
132 71 1
213 28 1
89 102 1
217 89 1
109 155 1
199 25 1
37 95 1
41 20 1
169 111 1
98 95 1
84 158 1
51 79 1
108 100 1
94 19 1
131 39 1
151 56 1
61 186 1
212 58 1
107 164 1
141 66 1
202 112 1
40 107 1
168 32 1
64 113 1
211 115 1
46 48 1
50 143 1
197 76 1
36 78 1
93 107 1
130 23 1
97 104 1
79 40 1
103 150 1
35 142 1
59 20 1
120 38 1
45 25 1
126 92 1
35 31 1
92 84 1
96 31 1
120 149 1
135 40 1
102 37 1
196 42 1
92 203 1
78 18 1
48 97 1
72 103 1
152 63 1
209 50 1
195 99 1
34 63 1
91 50 1
77 123 1
209 67 1
101 117 1
67 61 1
87 38 1
91 163 1
111 172 1
39 131 1
43 196 1
104 54 1
33 110 1
87 151 1
110 108 1
76 132 1
80 79 1
104 69 1
52 173 1
76 27 1
119 151 1
194 74 1
76 106 1
86 183 1
203 105 1
99 40 1
65 72 1
193 51 1
51 141 1
71 54 1
75 51 1
95 188 1
175 116 1
71 199 1
112 60 1
94 124 1
118 102 1
122 109 1
88 53 1
112 139 1
60 171 1
192 19 1
84 33 1
50 81 1
178 26 1
198 89 1
74 91 1
60 26 1
117 39 1
50 32 1
70 167 1
74 170 1
164 40 1
130 72 1
150 15 1
83 88 1
121 141 1
103 37 1
69 85 1
73 18 1
55 134 1
59 195 1
177 60 1
159 100 1
55 55 1
210 60 1
102 118 1
106 125 1
72 165 1
129 34 1
149 47 1
44 187 1
176 67 1
200 73 1
182 41 1
129 83 1
58 107 1
44 74 1
101 183 1
54 23 1
129 204 1
148 88 1
134 95 1
101 24 1
87 85 1
125 130 1
54 134 1
111 83 1
43 147 1
101 105 1
67 25 1
161 76 1
57 19 1
100 87 1
67 166 1
53 71 1
57 124 1
39 52 1
133 63 1
123 143 1
124 188 1
214 58 1
143 106 1
56 68 1
147 111 1
42 123 1
133 64 1
85 199 1
56 51 1
38 199 1
213 99 1
89 45 1
217 96 1
109 210 1
146 92 1
199 80 1
38 86 1
132 31 1
122 175 1
89 94 1
165 81 1
122 30 1
216 87 1
51 22 1
37 23 1
75 172 1
41 108 1
108 172 1
202 57 1
40 148 1
168 105 1
151 96 1
121 79 1
84 69 1
212 114 1
50 117 1
107 108 1
108 195 1
40 35 1
197 115 1
201 112 1
36 55 1
93 34 1
97 39 1
211 43 1
46 104 1
106 191 1
126 186 1
36 134 1
93 83 1
106 206 1
35 70 1
96 104 1
59 92 1
82 87 1
120 94 1
45 97 1
68 134 1
92 28 1
186 73 1
135 112 1
120 205 1
68 21 1
196 98 1
125 68 1
34 133 1
128 194 1
92 179 1
186 56 1
78 74 1
48 41 1
158 34 1
219 48 1
77 178 1
81 55 1
195 59 1
34 103 1
91 122 1
110 202 1
81 64 1
39 75 1
63 65 1
33 22 1
110 36 1
76 204 1
80 23 1
119 174 1
104 157 1
86 29 1
33 135 1
52 101 1
180 82 1
113 81 1
76 35 1
119 95 1
66 73 1
193 74 1
75 106 1
203 49 1
99 96 1
65 48 1
85 61 1
51 197 1
61 36 1
118 63 1
47 113 1
175 44 1
88 126 1
71 143 1
112 68 1
94 52 1
151 23 1
192 44 1
178 83 1
107 187 1
127 180 1
60 83 1
192 91 1
84 89 1
50 25 1
178 34 1
164 17 1
74 147 1
117 31 1
164 96 1
130 48 1
59 154 1
150 55 1
79 87 1
83 16 1
103 109 1
69 45 1
35 149 1
73 42 1
55 206 1
102 175 1
49 49 1
177 68 1
159 60 1
55 127 1
102 62 1
129 106 1
149 103 1
44 131 1
182 17 1
129 155 1
58 35 1
44 18 1
101 207 1
111 26 1
58 146 1
148 16 1
134 39 1
101 80 1
67 64 1
105 149 1
87 29 1
111 139 1
161 116 1
90 146 1
218 79 1
57 75 1
100 111 1
123 198 1
53 191 1
57 180 1
123 183 1
214 98 1
56 124 1
184 49 1
42 51 1
160 42 1
217 47 1
166 80 1
132 64 1
42 194 1
99 15 1
213 27 1
89 101 1
217 88 1
71 77 1
109 154 1
199 24 1
95 91 1
175 83 1
216 96 1
179 20 1
145 100 1
37 94 1
165 105 1
41 27 1
84 159 1
122 86 1
51 78 1
216 15 1
37 47 1
41 164 1
212 59 1
74 36 1
202 113 1
40 108 1
168 33 1
84 125 1
50 61 1
107 52 1
144 58 1
150 96 1
46 49 1
211 114 1
197 75 1
36 79 1
55 189 1
93 106 1
97 111 1
163 68 1
183 25 1
120 39 1
45 24 1
35 30 1
96 16 1
82 31 1
120 150 1
196 43 1
92 196 1
58 84 1
78 19 1
105 87 1
68 109 1
34 205 1
128 138 1
78 130 1
134 112 1
195 98 1
77 122 1
209 66 1
91 162 1
110 130 1
185 41 1
39 130 1
167 73 1
104 55 1
67 205 1
33 109 1
87 150 1
124 42 1
39 19 1
114 80 1
80 64 1
43 84 1
104 70 1
52 174 1
76 20 1
119 150 1
194 75 1
104 213 1
86 69 1
89 167 1
52 93 1
109 92 1
113 25 1
76 107 1
142 74 1
199 111 1
203 104 1
65 79 1
193 50 1
75 50 1
94 210 1
169 57 1
51 61 1
108 58 1
71 198 1
75 131 1
95 204 1
98 96 1
61 108 1
118 103 1
47 41 1
88 54 1
141 20 1
112 140 1
60 164 1
151 95 1
64 47 1
192 20 1
50 78 1
178 27 1
107 131 1
88 165 1
70 21 1
127 76 1
93 172 1
60 27 1
50 33 1
164 41 1
74 171 1
130 73 1
59 194 1
79 15 1
103 181 1
177 51 1
35 173 1
55 54 1
59 51 1
82 112 1
102 119 1
72 166 1
44 180 1
135 15 1
176 68 1
72 53 1
54 101 1
129 82 1
44 75 1
101 182 1
162 26 1
129 195 1
148 89 1
54 135 1
111 82 1
43 146 1
101 104 1
67 24 1
161 67 1
87 197 1
57 18 1
111 195 1
43 35 1
100 80 1
161 60 1
90 74 1
53 70 1
57 131 1
100 39 1
119 197 1
194 60 1
123 142 1
214 59 1
133 79 1
85 198 1
123 127 1
56 52 1
85 183 1
213 98 1
160 82 1
217 103 1
38 87 1
132 24 1
42 154 1
99 71 1
89 93 1
71 21 1
165 80 1
95 147 1
122 31 1
216 88 1
179 76 1
145 44 1
37 22 1
165 33 1
41 83 1
127 147 1
121 78 1
84 70 1
212 115 1
74 124 1
40 36 1
121 63 1
50 197 1
69 167 1
197 114 1
73 188 1
150 40 1
46 105 1
211 42 1
126 187 1
36 135 1
93 82 1
106 207 1
159 91 1
163 28 1
183 65 1
96 105 1
120 95 1
45 96 1
68 135 1
106 94 1
200 23 1
120 206 1
68 22 1
196 99 1
125 67 1
128 195 1
92 140 1
186 57 1
78 75 1
105 47 1
158 35 1
125 52 1
128 114 1
134 56 1
67 103 1
195 58 1
215 39 1
110 203 1
81 71 1
218 104 1
110 186 1
185 97 1
39 74 1
167 17 1
63 64 1
67 133 1
124 82 1
33 21 1
104 158 1
33 134 1
52 102 1
180 83 1
113 80 1
76 92 1
42 92 1
119 94 1
86 141 1
89 159 1
52 21 1
109 36 1
113 33 1
199 55 1
203 48 1
118 141 1
65 55 1
179 59 1
94 170 1
169 113 1
61 35 1
47 112 1
88 127 1
51 117 1
71 142 1
98 40 1
61 148 1
107 186 1
141 92 1
198 23 1
60 108 1
64 23 1
192 92 1
50 22 1
178 35 1
107 75 1
70 93 1
88 157 1
93 148 1
103 31 1
164 97 1
130 49 1
210 114 1
49 48 1
35 101 1
92 114 1
55 126 1
220 63 1
59 123 1
82 56 1
102 63 1
182 103 1
78 52 1
44 124 1
135 87 1
48 71 1
34 166 1
72 77 1
54 45 1
129 154 1
77 196 1
115 49 1
44 19 1
101 206 1
162 66 1
219 31 1
148 17 1
58 147 1
101 95 1
111 138 1
63 23 1
87 141 1
90 147 1
57 74 1
43 107 1
100 104 1
143 60 1
53 190 1
147 57 1
57 187 1
119 141 1
194 100 1
123 182 1
86 62 1
214 99 1
38 189 1
62 55 1
123 39 1
160 43 1
146 18 1
203 79 1
166 81 1
132 65 1
42 195 1
85 111 1
213 26 1
217 95 1
95 90 1
175 82 1
216 97 1
145 91 1
37 93 1
112 18 1
165 104 1
41 26 1
118 24 1
122 87 1
216 16 1
37 46 1
131 41 1
41 171 1
84 15 1
212 68 1
178 116 1
70 46 1
127 171 1
37 191 1
117 65 1
84 126 1
144 59 1
74 180 1
150 97 1
50 141 1
69 127 1
197 74 1
144 74 1
73 116 1
201 15 1
83 47 1
55 45 1
183 24 1
45 23 1
159 19 1
126 66 1
96 17 1
120 151 1
196 20 1
200 47 1
105 86 1
68 110 1
128 139 1
58 196 1
78 131 1
134 113 1
34 61 1
91 52 1
128 58 1
67 63 1
90 196 1
110 131 1
185 40 1
167 72 1
124 43 1
218 32 1
91 210 1
110 114 1
114 81 1
39 18 1
80 65 1
104 71 1
124 154 1
214 28 1
180 100 1
52 175 1
56 170 1
184 95 1
62 64 1
66 31 1
89 166 1
52 94 1
109 91 1
113 24 1
76 100 1
42 20 1
86 181 1
142 75 1
51 143 1
169 56 1
179 115 1
108 59 1
75 130 1
94 98 1
169 73 1
98 97 1
61 107 1
47 40 1
88 55 1
141 19 1
108 74 1
40 186 1
64 32 1
50 79 1
88 166 1
107 130 1
141 100 1
198 95 1
93 171 1
60 20 1
64 95 1
107 19 1
70 165 1
36 29 1
97 25 1
103 39 1
126 156 1
177 50 1
163 99 1
220 112 1
59 50 1
82 113 1
210 58 1
72 167 1
35 61 1
92 58 1
72 54 1
182 47 1
78 108 1
44 68 1
101 181 1
48 15 1
162 27 1
54 21 1
129 194 1
77 140 1
209 28 1
87 87 1
219 71 1
161 66 1
181 15 1
111 194 1
43 34 1
100 81 1
63 47 1
161 51 1
90 75 1
53 69 1
87 181 1
57 130 1
76 170 1
100 32 1
143 116 1
147 113 1
119 117 1
85 197 1
123 126 1
86 102 1
38 197 1
193 108 1
85 182 1
160 83 1
146 90 1
203 23 1
42 155 1
132 25 1
118 166 1
122 173 1
85 39 1
165 95 1
95 146 1
47 95 1
216 89 1
145 35 1
71 165 1
112 90 1
165 32 1
37 21 1
41 82 1
118 64 1
198 40 1
127 146 1
202 39 1
131 97 1
121 77 1
84 71 1
178 60 1
70 118 1
73 210 1
127 99 1
117 57 1
121 62 1
69 166 1
73 163 1
74 204 1
150 41 1
121 175 1
106 189 1
69 55 1
159 90 1
55 21 1
183 64 1
45 95 1
106 95 1
200 24 1
186 87 1
149 65 1
120 207 1
68 23 1
196 108 1
125 66 1
200 103 1
54 70 1
128 196 1
105 46 1
125 51 1
128 115 1
134 57 1
67 102 1
105 191 1
34 101 1
125 164 1
91 124 1
90 188 1
218 105 1
110 187 1
185 96 1
167 16 1
124 83 1
218 24 1
110 42 1
133 17 1
104 159 1
123 173 1
33 133 1
52 103 1
180 92 1
124 194 1
56 98 1
214 68 1
38 150 1
113 87 1
184 23 1
62 24 1
66 71 1
89 158 1
52 22 1
109 35 1
113 32 1
109 180 1
75 108 1
51 199 1
179 58 1
94 171 1
169 112 1
61 34 1
118 61 1
84 133 1
94 58 1
98 41 1
61 147 1
151 17 1
141 91 1
108 146 1
40 114 1
168 71 1
64 104 1
50 23 1
88 158 1
107 74 1
93 147 1
103 30 1
36 85 1
59 156 1
97 65 1
79 81 1
103 111 1
35 151 1
183 55 1
210 115 1
102 173 1
49 55 1
163 59 1
92 115 1
220 56 1
59 122 1
82 57 1
34 167 1
72 78 1
182 23 1
77 195 1
115 48 1
78 164 1
101 205 1
158 28 1
34 22 1
162 67 1
91 43 1
111 36 1
77 84 1
81 17 1
209 100 1
101 94 1
87 31 1
33 71 1
181 71 1
43 106 1
100 105 1
63 103 1
53 189 1
57 186 1
147 56 1
66 56 1
86 63 1
119 61 1
123 38 1
86 174 1
160 44 1
142 108 1
146 19 1
95 52 1
99 49 1
65 97 1
193 84 1
85 110 1
71 79 1
145 90 1
112 19 1
165 23 1
118 25 1
47 23 1
216 17 1
37 45 1
112 98 1
41 170 1
60 130 1
131 40 1
70 47 1
198 112 1
127 170 1
74 34 1
37 190 1
117 64 1
84 127 1
144 60 1
70 190 1
127 59 1
164 55 1
83 65 1
211 116 1
46 55 1
69 126 1
144 75 1
73 123 1
55 191 1
159 18 1
126 67 1
55 93 1
44 210 1
176 90 1
200 80 1
182 64 1
129 116 1
58 82 1
186 15 1
105 85 1
68 111 1
128 140 1
148 71 1
195 100 1
128 59 1
58 180 1
67 62 1
91 164 1
185 47 1
39 188 1
67 207 1
124 36 1
90 116 1
218 33 1
110 115 1
124 155 1
143 19 1
56 171 1
184 96 1
133 105 1
62 65 1
123 85 1
89 165 1
52 95 1
180 20 1
109 90 1
56 26 1
113 31 1
213 76 1
199 105 1
42 164 1
122 150 1
51 142 1
89 71 1
75 52 1
169 63 1
51 63 1
179 114 1
108 52 1
94 99 1
169 72 1
61 106 1
118 101 1
84 189 1
141 18 1
108 75 1
40 187 1
168 112 1
151 89 1
64 33 1
88 167 1
141 99 1
93 170 1
40 74 1
168 31 1
64 80 1
107 18 1
36 30 1
201 89 1
130 71 1
97 24 1
103 38 1
50 174 1
36 109 1
93 76 1
59 196 1
103 183 1
35 175 1
163 98 1
220 113 1
96 79 1
120 69 1
210 59 1
102 117 1
68 173 1
92 59 1
72 55 1
92 170 1
219 41 1
77 139 1
78 156 1
209 19 1
158 84 1
87 86 1
34 94 1
91 19 1
54 133 1
111 92 1
77 28 1
43 148 1
81 89 1
87 199 1
110 156 1
167 111 1
104 21 1
161 50 1
76 171 1
100 33 1
119 199 1
194 58 1
147 112 1
76 58 1
66 96 1
86 103 1
166 15 1
193 99 1
85 181 1
160 84 1
142 36 1
146 91 1
75 67 1
38 85 1
99 73 1
118 167 1
65 41 1
193 28 1
85 38 1
71 23 1
94 204 1
122 29 1
88 101 1
145 34 1
112 91 1
165 47 1
118 65 1
198 41 1
112 170 1
131 96 1
60 74 1
192 114 1
84 64 1
50 112 1
70 119 1
127 98 1
74 122 1
117 56 1
121 61 1
69 165 1
70 134 1
73 162 1
164 79 1
211 44 1
121 174 1
46 111 1
69 54 1
73 51 1
102 134 1
106 205 1
200 25 1
149 64 1
44 154 1
176 98 1
200 104 1
54 71 1
129 188 1
115 87 1
105 45 1
125 50 1
162 60 1
128 116 1
101 57 1
67 105 1
105 190 1
195 60 1
215 33 1
125 163 1
53 55 1
57 44 1
185 103 1
39 68 1
67 135 1
124 108 1
90 44 1
218 25 1
110 43 1
147 31 1
133 16 1
124 195 1
143 75 1
56 99 1
184 24 1
38 151 1
42 90 1
62 25 1
123 29 1
89 157 1
52 23 1
109 34 1
146 44 1
113 39 1
132 111 1
217 65 1
109 179 1
199 49 1
122 206 1
51 198 1
41 60 1
84 134 1
51 119 1
108 124 1
94 59 1
151 16 1
61 146 1
212 34 1
141 90 1
107 188 1
108 147 1
202 88 1
40 115 1
168 72 1
64 105 1
88 159 1
93 146 1
211 91 1
46 24 1
197 84 1
36 86 1
201 17 1
130 15 1
97 64 1
79 80 1
103 110 1
106 158 1
35 150 1
36 165 1
45 49 1
126 36 1
35 103 1
92 76 1
220 57 1
163 58 1
120 125 1
102 61 1
196 50 1
186 104 1
78 58 1
135 81 1
72 79 1
92 146 1
77 194 1
152 39 1
34 23 1
91 42 1
219 17 1
77 83 1
81 16 1
209 91 1
101 93 1
67 69 1
87 30 1
91 91 1
111 148 1
39 155 1
77 36 1
63 17 1
33 70 1
87 143 1
110 84 1
76 156 1
167 55 1
80 103 1
104 109 1
33 55 1
52 213 1
119 143 1
66 57 1
194 98 1
76 66 1
86 175 1
203 65 1
166 87 1
99 48 1
65 96 1
193 43 1
85 109 1
51 181 1
142 28 1
71 78 1
95 68 1
65 17 1
175 92 1
112 20 1
94 132 1
118 30 1
122 85 1
88 93 1
127 196 1
112 99 1
60 131 1
178 114 1
198 113 1
74 35 1
37 189 1
60 114 1
117 79 1
50 56 1
70 191 1
127 58 1
74 178 1
164 48 1
130 96 1
150 103 1
83 64 1
103 61 1
69 125 1
144 76 1
73 122 1
70 206 1
55 190 1
59 187 1
83 49 1
177 20 1
55 47 1
116 47 1
210 84 1
102 78 1
72 141 1
149 23 1
176 91 1
200 81 1
182 65 1
129 75 1
58 83 1
44 98 1
101 159 1
176 42 1
148 64 1
58 194 1
115 15 1
87 77 1
162 100 1
128 60 1
54 190 1
111 59 1
148 55 1
43 171 1
101 113 1
67 33 1
90 194 1
181 41 1
67 206 1
53 111 1
57 100 1
114 79 1
124 148 1
214 18 1
143 18 1
56 172 1
184 97 1
147 87 1
133 104 1
56 27 1
42 18 1
213 75 1
89 213 1
199 104 1
146 116 1
38 46 1
95 43 1
132 39 1
122 151 1
213 60 1
89 70 1
51 62 1
37 127 1
75 132 1
41 116 1
169 79 1
84 190 1
108 68 1
40 188 1
168 113 1
151 88 1
84 45 1
212 90 1
50 77 1
107 132 1
141 98 1
40 75 1
64 81 1
201 88 1
36 31 1
97 31 1
211 19 1
46 80 1
50 175 1
197 44 1
126 130 1
36 110 1
201 41 1
93 75 1
103 182 1
35 174 1
96 64 1
59 52 1
82 111 1
120 70 1
68 174 1
35 63 1
126 124 1
92 52 1
96 63 1
120 181 1
68 61 1
92 171 1
186 32 1
78 114 1
219 40 1
77 138 1
152 31 1
209 18 1
195 67 1
34 95 1
91 18 1
219 89 1
39 210 1
77 27 1
81 88 1
67 29 1
87 198 1
91 131 1
111 204 1
39 163 1
43 36 1
63 41 1
104 22 1
87 183 1
76 164 1
80 47 1
119 198 1
104 165 1
194 59 1
52 141 1
76 59 1
119 119 1
66 97 1
193 98 1
75 66 1
99 72 1
65 40 1
193 19 1
85 37 1
71 22 1
95 156 1
61 28 1
47 89 1
175 20 1
88 102 1
71 167 1
112 92 1
94 92 1
151 15 1
118 70 1
88 21 1
127 156 1
112 171 1
60 75 1
192 115 1
84 65 1
50 113 1
178 58 1
74 123 1
60 58 1
70 135 1
164 72 1
74 202 1
130 40 1
150 47 1
121 173 1
103 69 1
69 53 1
73 50 1
102 135 1
177 92 1
159 68 1
55 23 1
116 103 1
210 28 1
102 22 1
106 93 1
72 197 1
149 79 1
44 155 1
176 99 1
200 105 1
129 179 1
44 42 1
134 63 1
101 56 1
67 104 1
105 189 1
87 117 1
125 162 1
215 32 1
111 115 1
161 108 1
90 186 1
53 54 1
181 97 1
57 51 1
67 134 1
53 167 1
57 156 1
133 31 1
123 175 1
214 90 1
143 74 1
56 100 1
184 25 1
42 91 1
166 40 1
132 104 1
99 23 1
217 64 1
71 101 1
109 178 1
199 48 1
38 118 1
95 99 1
122 207 1
179 60 1
165 113 1
41 35 1
84 135 1
122 62 1
51 118 1
216 55 1
37 55 1
41 76 1
98 39 1
212 35 1
108 140 1
202 89 1
40 116 1
168 73 1
131 95 1
121 111 1
84 101 1
50 21 1
107 76 1
73 204 1
150 88 1
46 25 1
211 90 1
197 83 1
36 87 1
201 16 1
97 71 1
106 159 1
36 166 1
183 49 1
45 48 1
106 46 1
35 102 1
59 124 1
82 55 1
120 126 1
45 65 1
196 51 1
186 105 1
78 59 1
135 80 1
105 127 1
68 117 1
196 66 1
125 100 1
34 165 1
128 162 1
92 147 1
152 40 1
78 170 1
215 87 1
219 16 1
77 82 1
152 87 1
81 23 1
209 90 1
195 27 1
91 90 1
185 17 1
39 154 1
77 35 1
63 16 1
67 213 1
33 69 1
87 142 1
91 203 1
39 107 1
114 40 1
80 88 1
43 108 1
63 97 1
104 110 1
33 54 1
119 142 1
194 99 1
86 61 1
33 167 1
52 69 1
180 50 1
109 116 1
113 113 1
76 67 1
119 63 1
142 114 1
203 64 1
65 103 1
193 42 1
65 16 1
51 37 1
75 155 1
98 88 1
61 68 1
118 31 1
47 17 1
88 94 1
112 100 1
94 20 1
60 156 1
151 55 1
178 115 1
107 155 1
70 45 1
88 205 1
127 84 1
60 115 1
50 57 1
164 49 1
74 179 1
130 97 1
70 207 1
130 16 1
59 186 1
79 55 1
83 48 1
103 141 1
35 181 1
55 46 1
220 111 1
59 43 1
116 40 1
102 79 1
49 81 1
177 100 1
159 28 1
72 142 1
55 95 1
116 95 1
44 204 1
135 39 1
176 92 1
72 29 1
129 74 1
115 97 1
44 99 1
101 158 1
176 43 1
148 65 1
58 195 1
54 191 1
111 58 1
58 178 1
148 48 1
43 170 1
101 112 1
67 32 1
87 61 1
90 195 1
181 40 1
111 171 1
43 59 1
161 20 1
90 114 1
53 110 1
181 89 1
218 47 1
57 107 1
100 15 1
214 19 1
53 159 1
133 87 1
62 71 1
123 87 1
56 28 1
42 19 1
85 159 1
213 74 1
160 74 1
217 15 1
38 47 1
166 112 1
95 42 1
132 32 1
42 162 1
99 47 1
213 59 1
89 69 1
71 45 1
95 187 1
175 115 1
216 64 1
179 116 1
145 68 1
37 126 1
41 123 1
84 191 1
122 118 1
37 207 1
41 132 1
84 46 1
212 91 1
74 68 1
40 76 1
121 39 1
69 207 1
107 20 1
144 26 1
73 132 1
201 95 1
83 95 1
46 81 1
211 18 1
197 43 1
126 131 1
36 111 1
201 40 1
93 74 1
55 157 1
159 99 1
126 18 1
163 100 1
96 65 1
120 71 1
68 175 1
106 102 1
35 62 1
96 48 1
120 182 1
68 62 1
92 164 1
58 116 1
186 33 1
78 115 1
105 55 1
68 77 1
125 44 1
128 106 1
152 96 1
134 80 1
195 66 1
158 90 1
215 31 1
219 88 1
77 26 1
81 95 1
91 130 1
110 162 1
185 73 1
39 162 1
167 105 1
63 40 1
104 23 1
67 173 1
124 74 1
87 182 1
39 51 1
114 112 1
80 32 1
104 166 1
52 142 1
76 52 1
42 100 1
119 118 1
86 101 1
89 135 1
52 61 1
109 60 1
113 57 1
142 42 1
199 79 1
118 165 1
65 47 1
193 18 1
179 35 1
75 210 1
94 178 1
169 25 1
61 27 1
47 88 1
88 103 1
51 29 1
108 26 1
71 166 1
75 163 1
61 140 1
118 71 1
88 22 1
141 52 1
107 210 1
198 47 1
112 172 1
60 68 1
64 15 1
192 116 1
50 110 1
178 59 1
107 99 1
70 117 1
88 133 1
127 108 1
93 140 1
60 59 1
164 73 1
74 203 1
130 41 1
177 83 1
103 213 1
35 77 1
92 106 1
55 22 1
220 87 1
59 83 1
116 96 1
82 80 1
102 23 1
72 198 1
44 148 1
135 111 1
48 95 1
176 100 1
34 158 1
72 85 1
54 69 1
129 178 1
115 89 1
44 43 1
162 58 1
219 55 1
101 39 1
111 114 1

59 0 0
5 68 0
3 35 0
0 20 0
41 2 0
5 44 0
4 36 0
3 52 0
2 84 0
62 2 0
0 76 0
1 83 0
2 67 0
25 1 0
74 1 0
93 2 0
2 5 0
1 11 0
0 61 0
27 2 0
3 69 0
4 93 0
77 1 0
9 0 0
5 5 0
4 19 0
3 45 0
79 2 0
1 45 0
0 83 0
40 0 0
61 0 0
5 84 0
3 51 0
1 28 0
0 4 0
24 1 0
92 0 0
5 60 0
4 52 0
2 27 0
2 68 0
74 2 0
1 67 0
27 1 0
8 2 0
76 1 0
5 11 0
4 5 0
2 53 0
1 59 0
0 45 0
5 77 0
6 0 0
3 85 0
11 0 0
60 2 0
79 1 0
5 21 0
4 35 0
3 61 0
42 0 0
0 67 0
91 2 0
96 2 0
1 84 0
3 12 0
2 28 0
1 12 0
0 52 0
26 1 0
45 2 0
94 0 0
4 68 0
2 11 0
78 1 0
2 99 0
5 27 0
4 21 0
2 37 0
1 43 0
0 93 0
5 93 0
1 21 0
0 27 0
91 1 0
5 37 0
4 51 0
44 0 0
3 11 0
1 68 0
26 2 0
75 0 0
4 12 0
3 28 0
2 12 0
1 60 0
0 36 0
28 1 0
57 2 0
4 84 0
2 59 0
78 2 0
7 2 0
5 67 0
1 99 0
0 21 0
41 1 0
5 43 0
4 37 0
2 85 0
43 2 0
0 77 0
1 5 0
0 11 0
25 0 0
93 1 0
5 53 0
4 67 0
95 2 0
0 99 0
3 68 0
3 27 0
77 0 0
5 4 0
4 28 0
3 44 0
2 60 0
1 44 0
0 84 0
7 1 0
40 1 0
2 43 0
5 83 0
1 19 0
0 5 0
24 2 0
43 1 0
5 59 0
4 53 0
1 93 0
2 69 0
92 1 0
4 11 0
3 5 0
27 0 0
1 53 0
0 59 0
76 2 0
95 1 0
3 67 0
4 83 0
9 2 0
58 0 0
5 76 0
6 1 0
3 84 0
3 43 0
79 0 0
5 20 0
4 44 0
3 60 0
2 44 0
42 1 0
0 68 0
61 2 0
2 91 0
5 99 0
45 1 0
2 29 0
1 3 0
0 53 0
94 1 0
3 77 0
4 69 0
1 77 0
8 0 0
5 13 0
4 27 0
3 21 0
1 37 0
0 43 0
6 2 0
3 83 0
4 99 0
60 0 0
5 92 0
3 59 0
1 20 0
0 28 0
42 2 0
91 0 0
5 36 0
4 60 0
2 19 0
2 92 0
44 1 0
96 0 0
1 91 0
2 75 0
94 2 0
23 2 0
4 13 0
28 2 0
2 13 0
1 51 0
0 37 0
57 1 0
3 93 0
4 85 0
10 0 0
59 2 0
5 29 0
4 43 0
3 37 0
0 91 0
41 0 0
3 99 0
62 0 0
2 20 0
1 4 0
0 12 0
93 0 0
5 52 0
4 76 0
2 3 0
2 76 0
23 1 0
1 75 0
5 3 0
4 29 0
2 61 0
1 35 0
0 85 0
5 69 0
7 0 0
40 2 0
59 1 0
0 19 0
5 45 0
4 59 0
3 53 0
43 0 0
92 2 0
0 75 0
1 92 0
25 2 0
74 0 0
3 4 0
2 4 0
1 52 0
0 60 0
95 0 0
4 92 0
2 51 0
9 1 0
58 1 0
5 75 0
77 2 0
11 2 0
5 19 0
4 45 0
61 1 0
2 45 0
0 69 0
5 85 0
1 29 0
0 3 0
24 0 0
5 61 0
4 75 0
45 0 0
3 76 0
3 3 0
1 76 0
76 0 0
8 1 0
5 12 0
4 4 0
3 20 0
2 52 0
1 36 0
0 44 0
58 2 0
11 1 0
2 35 0
60 1 0
5 91 0
0 29 0
5 35 0
4 61 0
1 85 0
2 93 0
44 2 0
96 1 0
3 13 0
1 13 0
0 51 0
26 0 0
75 2 0
3 75 0
4 91 0
57 0 0
3 92 0
3 19 0
10 1 0
78 0 0
5 28 0
4 20 0
3 36 0
2 36 0
0 92 0
62 1 0
2 83 0
2 21 0
1 27 0
0 13 0
5 51 0
4 77 0
1 69 0
2 77 0
75 1 0
23 0 0
4 3 0
3 29 0
28 0 0
1 61 0
0 35 0
3 91 0
10 2 0

50 34 0
107 31 0
90 63 0
118 82 0
101 58 0
73 31 0
90 103 0
84 90 0
39 111 0
124 55 0
67 74 0
33 50 0
50 50 0
33 106 0
107 47 0
101 98 0
50 74 0
90 47 0
118 66 0
73 111 0
118 58 0
39 39 0
56 111 0
84 74 0
124 39 0
67 90 0
33 34 0
33 90 0
107 63 0
101 114 0
50 90 0
90 95 0
118 114 0
101 26 0
56 55 0
118 42 0
39 55 0
56 95 0
84 58 0
39 79 0
124 23 0
67 106 0
33 18 0
50 18 0
33 74 0
107 79 0
101 66 0
73 39 0
90 79 0
118 98 0
56 39 0
73 79 0
56 79 0
84 42 0
67 18 0
124 111 0
39 95 0
50 98 0
90 23 0
107 95 0
101 82 0
73 55 0
118 18 0
56 23 0
73 95 0
84 114 0
39 23 0
84 26 0
124 95 0
67 34 0
33 114 0
107 23 0
50 114 0
107 111 0
101 34 0
90 111 0
84 98 0
39 103 0
67 50 0
124 79 0
50 42 0
33 98 0
107 39 0
101 106 0
50 66 0
90 55 0
118 90 0
101 50 0
73 23 0
118 50 0
84 82 0
124 63 0
67 66 0
33 58 0
50 58 0
33 82 0
107 55 0
50 82 0
90 39 0
118 74 0
56 63 0
73 103 0
118 34 0
39 47 0
56 103 0
84 66 0
39 71 0
124 47 0
67 82 0
33 42 0
33 66 0
107 71 0
101 74 0
73 47 0
90 87 0
101 18 0
56 47 0
39 63 0
56 87 0
84 50 0
124 103 0
67 26 0
39 87 0
124 31 0
67 98 0
33 26 0
50 26 0
90 31 0
107 87 0
101 90 0
73 63 0
90 71 0
118 106 0
56 31 0
73 71 0
39 15 0
56 71 0
84 34 0
67 42 0
124 87 0
124 15 0
67 114 0
107 15 0
50 106 0
90 15 0
107 103 0
101 42 0
73 15 0
118 26 0
56 15 0
73 87 0
84 106 0
39 31 0
84 18 0
124 71 0
67 58 0

