53 53 1
29 44 1
33 41 1
86 22 1
62 31 1
123 31 1
52 17 1
113 37 1
99 22 1
85 87 1
32 77 1
89 12 1
99 103 1
27 194 1
28 185 1
85 56 1
32 188 1
27 115 1
118 48 1
122 63 1
145 12 1
37 54 1
74 13 1
23 84 1
117 105 1
26 168 1
121 110 1
84 102 1
70 81 1
22 148 1
46 30 1
36 80 1
97 70 1
26 74 1
83 23 1
103 104 1
69 40 1
59 14 1
45 47 1
120 16 1
31 108 1
106 47 1
35 105 1
45 64 1
25 172 1
54 33 1
115 53 1
105 15 1
34 21 1
24 99 1
81 22 1
67 71 1
30 89 1
87 24 1
24 146 1
114 41 1
80 89 1
63 96 1
29 48 1
104 111 1
33 53 1
90 14 1
66 55 1
29 161 1
52 70 1
119 62 1
146 14 1
65 102 1
28 110 1
32 105 1
89 104 1
71 72 1
75 13 1
65 23 1
37 89 1
98 89 1
47 16 1
88 95 1
51 85 1
192 13 1
22 193 1
60 12 1
23 120 1
26 140 1
117 77 1
121 10 1
50 54 1
22 176 1
103 63 1
140 11 1
22 35 1
79 54 1
177 10 1
31 179 1
69 12 1
55 41 1
116 41 1
49 80 1
31 64 1
55 94 1
96 21 1
116 88 1
82 24 1
72 30 1
115 96 1
25 136 1
48 103 1
30 155 1
72 109 1
54 13 1
115 17 1
30 42 1
87 79 1
34 57 1
63 55 1
29 99 1
33 96 1
53 109 1
39 14 1
114 77 1
80 69 1
208 10 1
29 20 1
119 109 1
123 86 1
86 94 1
99 46 1
28 114 1
85 15 1
27 138 1
47 71 1
27 59 1
84 47 1
70 14 1
23 156 1
117 33 1
121 38 1
36 25 1
97 29 1
22 92 1
79 101 1
26 19 1
83 94 1
46 86 1
69 95 1
36 104 1
187 12 1
35 80 1
55 13 1
25 74 1
116 13 1
82 109 1
120 72 1
102 104 1
106 103 1
31 36 1
35 33 1
96 49 1
68 63 1
172 13 1
105 54 1
68 78 1
24 44 1
34 93 1
24 91 1
81 94 1
67 31 1
114 30 1
24 202 1
100 93 1
104 24 1
29 71 1
53 65 1
80 33 1
86 11 1
62 96 1
52 62 1
113 56 1
28 39 1
32 34 1
89 55 1
38 72 1
65 46 1
28 86 1
32 145 1
71 16 1
122 24 1
88 104 1
37 17 1
88 23 1
23 51 1
121 81 1
50 111 1
22 137 1
23 160 1
26 196 1
36 61 1
22 120 1
97 57 1
103 71 1
197 14 1
49 15 1
31 139 1
55 17 1
96 110 1
116 97 1
82 81 1
31 24 1
48 80 1
72 86 1
115 88 1
48 47 1
34 14 1
111 12 1
81 41 1
101 38 1
30 98 1
34 97 1
63 79 1
29 43 1
33 40 1
80 13 1
86 23 1
119 85 1
123 30 1
99 25 1
85 86 1
32 78 1
71 103 1
99 102 1
28 186 1
27 114 1
118 49 1
37 53 1
98 37 1
74 10 1
26 169 1
117 104 1
121 109 1
84 103 1
70 86 1
23 196 1
117 25 1
46 31 1
36 81 1
97 69 1
79 93 1
26 75 1
83 22 1
69 23 1
120 17 1
45 46 1
31 111 1
35 104 1
116 69 1
82 53 1
102 48 1
25 179 1
30 188 1
54 38 1
105 14 1
24 100 1
81 21 1
67 70 1
30 94 1
24 147 1
161 14 1
114 38 1
100 21 1
104 80 1
29 15 1
29 160 1
123 77 1
52 71 1
62 56 1
119 57 1
99 53 1
65 101 1
28 111 1
32 106 1
89 111 1
75 12 1
27 161 1
65 22 1
51 39 1
37 88 1
98 86 1
118 29 1
122 80 1
88 32 1
37 41 1
192 14 1
60 13 1
23 123 1
64 72 1
50 55 1
22 177 1
26 60 1
83 69 1
103 62 1
97 97 1
22 32 1
79 49 1
31 178 1
69 11 1
55 40 1
120 45 1
102 77 1
49 87 1
31 67 1
55 89 1
96 22 1
116 89 1
82 25 1
72 31 1
48 24 1
30 152 1
105 89 1
72 110 1
115 16 1
30 43 1
87 78 1
34 54 1
91 11 1
24 64 1
87 63 1
63 54 1
29 98 1
104 61 1
33 103 1
80 70 1
208 11 1
29 19 1
62 69 1
66 24 1
29 132 1
123 105 1
86 95 1
119 29 1
38 45 1
99 81 1
65 65 1
28 115 1
85 14 1
71 47 1
47 70 1
27 58 1
47 55 1
141 14 1
64 37 1
84 40 1
50 72 1
70 15 1
117 32 1
121 37 1
26 16 1
83 97 1
46 87 1
69 94 1
36 105 1
79 21 1
55 12 1
25 73 1
116 14 1
120 73 1
102 105 1
31 39 1
35 32 1
68 56 1
172 14 1
105 53 1
68 79 1
24 92 1
81 93 1
67 30 1
114 31 1
100 94 1
104 25 1
29 70 1
53 64 1
114 110 1
100 45 1
62 97 1
52 63 1
113 63 1
28 32 1
32 35 1
89 54 1
38 73 1
99 77 1
65 45 1
28 87 1
32 146 1
27 105 1
122 25 1
88 105 1
51 31 1
37 16 1
98 30 1
118 69 1
212 10 1
88 24 1
23 50 1
121 80 1
23 163 1
36 62 1
22 121 1
97 56 1
26 116 1
103 70 1
197 13 1
49 14 1
31 138 1
35 79 1
126 12 1
55 16 1
96 111 1
82 78 1
120 101 1
102 21 1
31 27 1
106 88 1
48 81 1
72 87 1
48 32 1
105 17 1
30 208 1
34 15 1
81 40 1
101 37 1
67 109 1
30 99 1
24 184 1
63 78 1
29 42 1
33 47 1
80 14 1
62 29 1
66 64 1
123 17 1
99 24 1
85 85 1
32 79 1
71 102 1
99 105 1
27 196 1
28 187 1
118 54 1
122 61 1
88 69 1
74 11 1
64 109 1
84 96 1
50 16 1
70 87 1
22 170 1
117 24 1
103 21 1
207 11 1
26 72 1
83 25 1
69 22 1
45 45 1
106 45 1
31 110 1
116 70 1
102 49 1
25 178 1
54 39 1
115 55 1
105 13 1
101 89 1
67 73 1
30 95 1
24 148 1
63 29 1
161 13 1
53 23 1
114 39 1
100 22 1
104 81 1
29 14 1
214 10 1
90 12 1
66 53 1
86 48 1
52 64 1
62 57 1
119 56 1
123 61 1
146 12 1
136 10 1
28 104 1
85 105 1
32 107 1
89 110 1
27 160 1
65 21 1
51 38 1
37 71 1
98 87 1
27 81 1
122 81 1
88 33 1
51 87 1
37 40 1
84 21 1
70 32 1
60 14 1
23 122 1
26 138 1
64 73 1
46 56 1
103 57 1
97 96 1
22 33 1
79 48 1
83 53 1
69 10 1
25 108 1
45 17 1
120 46 1
49 86 1
31 66 1
55 88 1
96 23 1
82 22 1
48 25 1
30 153 1
105 88 1
72 111 1
30 40 1
87 73 1
34 55 1
91 10 1
24 65 1
67 37 1
87 62 1
63 49 1
29 97 1
104 62 1
33 102 1
80 71 1
208 12 1
29 18 1
104 77 1
119 111 1
66 25 1
29 131 1
123 104 1
156 10 1
32 24 1
99 80 1
65 64 1
28 76 1
193 11 1
85 13 1
71 46 1
27 140 1
47 65 1
47 54 1
88 61 1
141 13 1
23 41 1
64 38 1
84 41 1
50 73 1
70 12 1
117 47 1
64 85 1
22 82 1
79 103 1
26 17 1
83 96 1
103 93 1
69 93 1
187 14 1
31 145 1
55 15 1
116 15 1
25 72 1
102 110 1
31 38 1
106 101 1
68 57 1
68 72 1
87 109 1
100 95 1
63 85 1
29 69 1
53 79 1
114 111 1
100 46 1
62 102 1
52 56 1
113 62 1
28 33 1
32 36 1
89 53 1
38 78 1
95 11 1
28 80 1
85 33 1
32 147 1
27 104 1
122 38 1
47 101 1
51 30 1
37 31 1
98 31 1
27 25 1
212 11 1
88 25 1
188 12 1
121 87 1
84 77 1
50 109 1
70 104 1
23 162 1
26 194 1
36 63 1
97 63 1
103 65 1
69 49 1
197 12 1
49 13 1
106 54 1
126 13 1
35 78 1
96 96 1
25 36 1
82 79 1
45 89 1
120 102 1
102 10 1
31 26 1
106 89 1
68 29 1
72 88 1
54 88 1
48 33 1
105 16 1
34 12 1
111 14 1
81 47 1
30 96 1
24 185 1
63 73 1
29 41 1
33 46 1
80 15 1
66 46 1
86 21 1
52 109 1
113 73 1
119 87 1
66 65 1
123 16 1
32 64 1
89 17 1
71 97 1
99 104 1
28 180 1
27 116 1
118 55 1
88 70 1
23 81 1
64 110 1
84 97 1
50 17 1
127 13 1
22 171 1
46 29 1
22 26 1
79 95 1
26 73 1
207 10 1
83 24 1
103 101 1
69 21 1
49 41 1
31 105 1
116 71 1
102 54 1
25 177 1
30 162 1
115 54 1
44 10 1
105 12 1
34 16 1
101 88 1
67 72 1
30 92 1
87 21 1
33 89 1
161 12 1
53 22 1
100 23 1
63 109 1
29 13 1
214 11 1
90 13 1
123 79 1
86 49 1
52 65 1
62 62 1
146 13 1
99 55 1
136 11 1
28 105 1
85 104 1
32 108 1
89 109 1
71 69 1
75 14 1
27 163 1
28 152 1
51 41 1
37 70 1
27 80 1
122 94 1
47 29 1
51 86 1
84 22 1
70 33 1
22 196 1
26 139 1
121 15 1
50 53 1
26 58 1
83 71 1
46 57 1
103 56 1
97 103 1
31 188 1
25 115 1
45 16 1
120 47 1
49 85 1
106 14 1
31 77 1
96 40 1
25 28 1
82 23 1
115 101 1
105 95 1
68 85 1
162 14 1
30 41 1
87 72 1
91 13 1
24 66 1
87 57 1
63 48 1
29 96 1
104 63 1
33 101 1
39 11 1
114 72 1
80 56 1
208 13 1
29 17 1
104 78 1
76 12 1
119 110 1
66 22 1
29 130 1
86 93 1
52 37 1
113 17 1
119 31 1
156 11 1
32 25 1
65 71 1
193 10 1
28 77 1
85 12 1
32 136 1
89 73 1
71 41 1
47 64 1
27 60 1
47 49 1
88 62 1
141 12 1
23 40 1
64 39 1
50 70 1
70 13 1
23 153 1
117 46 1
64 86 1
22 83 1
79 102 1
46 85 1
79 23 1
31 144 1
35 85 1
55 14 1
96 69 1
82 104 1
102 111 1
31 33 1
72 61 1
115 65 1
68 73 1
101 15 1
34 88 1
114 29 1
100 88 1
29 68 1
53 78 1
100 47 1
86 14 1
62 103 1
52 57 1
113 61 1
28 34 1
32 37 1
38 79 1
95 10 1
99 79 1
28 81 1
85 32 1
32 148 1
71 13 1
27 107 1
118 40 1
28 192 1
122 39 1
51 97 1
37 30 1
27 24 1
188 13 1
23 76 1
121 86 1
84 78 1
70 105 1
22 140 1
26 195 1
36 56 1
97 62 1
26 114 1
103 64 1
69 48 1
197 11 1
31 116 1
106 55 1
96 97 1
25 43 1
45 88 1
120 103 1
102 11 1
106 70 1
68 30 1
72 89 1
54 89 1
115 93 1
105 23 1
34 13 1
81 46 1
67 111 1
30 97 1
24 186 1
53 49 1
63 72 1
29 40 1
33 45 1
66 47 1
52 110 1
113 72 1
119 86 1
66 94 1
52 29 1
38 24 1
32 65 1
213 14 1
89 16 1
142 10 1
71 96 1
65 15 1
32 176 1
88 71 1
98 32 1
23 80 1
26 180 1
64 111 1
50 14 1
70 85 1
127 12 1
22 168 1
23 193 1
103 23 1
22 27 1
79 94 1
49 40 1
31 104 1
35 109 1
96 13 1
116 64 1
82 48 1
102 55 1
25 176 1
30 163 1
54 37 1
115 57 1
44 11 1
30 50 1
34 17 1
101 71 1
30 93 1
63 31 1
33 88 1
53 21 1
114 37 1
80 93 1
100 16 1
90 10 1
123 78 1
86 54 1
62 63 1
123 63 1
146 10 1
99 54 1
136 12 1
28 106 1
32 109 1
27 162 1
28 153 1
51 40 1
112 10 1
37 69 1
98 85 1
27 83 1
118 16 1
122 95 1
51 89 1
84 23 1
70 38 1
23 116 1
26 136 1
117 73 1
121 14 1
22 180 1
26 59 1
83 70 1
46 62 1
69 103 1
97 102 1
83 55 1
177 14 1
55 37 1
25 114 1
116 53 1
45 15 1
120 48 1
102 64 1
106 15 1
31 76 1
96 41 1
25 140 1
105 94 1
68 86 1
115 21 1
30 46 1
34 53 1
91 12 1
24 67 1
67 39 1
87 56 1
104 32 1
53 105 1
39 10 1
114 73 1
80 57 1
208 14 1
104 79 1
29 16 1
76 13 1
62 72 1
119 105 1
66 23 1
29 129 1
52 38 1
113 16 1
119 30 1
32 26 1
38 32 1
65 70 1
28 78 1
85 11 1
32 137 1
89 72 1
71 40 1
47 48 1
88 63 1
141 11 1
23 43 1
64 56 1
50 71 1
23 152 1
117 45 1
64 87 1
107 11 1
22 80 1
97 17 1
79 97 1
103 95 1
79 22 1
31 147 1
96 70 1
82 105 1
31 32 1
35 37 1
96 53 1
72 62 1
115 64 1
24 48 1
101 14 1
87 111 1
34 89 1
100 89 1
63 87 1
29 67 1
157 14 1
53 77 1
114 109 1
80 37 1
100 40 1
86 15 1
119 77 1
28 35 1
32 38 1
99 78 1
28 82 1
85 47 1
71 12 1
27 106 1
118 41 1
28 193 1
47 103 1
51 96 1
37 29 1
98 29 1
27 27 1
118 88 1
188 14 1
121 85 1
84 79 1
70 110 1
23 188 1
26 192 1
36 57 1
22 124 1
97 61 1
79 69 1
26 115 1
69 63 1
197 10 1
55 109 1
116 109 1
25 42 1
82 77 1
45 87 1
120 104 1
106 71 1
68 31 1
54 94 1
105 22 1
34 10 1
81 45 1
67 110 1
30 102 1
24 187 1
53 48 1
114 62 1
29 39 1
52 111 1
113 79 1
119 81 1
66 95 1
52 30 1
38 25 1
99 29 1
32 66 1
213 13 1
89 23 1
142 11 1
38 104 1
65 14 1
32 177 1
98 78 1
118 53 1
122 56 1
88 72 1
37 49 1
98 33 1
23 83 1
64 96 1
50 15 1
22 169 1
23 192 1
26 36 1
103 22 1
36 93 1
22 24 1
97 89 1
79 89 1
103 103 1
120 21 1
49 47 1
31 107 1
106 40 1
96 14 1
116 65 1
82 49 1
105 97 1
30 160 1
115 56 1
30 51 1
34 46 1
24 104 1
101 70 1
30 66 1
87 23 1
63 30 1
33 95 1
80 94 1
100 17 1
63 111 1
90 11 1
66 48 1
29 188 1
123 65 1
86 55 1
119 53 1
123 62 1
146 11 1
99 57 1
136 13 1
28 107 1
32 110 1
71 71 1
28 154 1
112 11 1
27 82 1
118 17 1
47 31 1
51 88 1
84 16 1
70 39 1
26 137 1
117 72 1
121 13 1
26 56 1
83 73 1
46 63 1
69 102 1
22 36 1
97 101 1
79 61 1
83 54 1
177 13 1
25 113 1
116 54 1
120 49 1
45 14 1
102 65 1
106 12 1
31 79 1
55 85 1
82 21 1
115 103 1
25 147 1
30 156 1
68 87 1
105 93 1
162 12 1
30 47 1
24 68 1
67 38 1
104 33 1
53 104 1
114 70 1
100 53 1
76 14 1
62 73 1
119 104 1
29 128 1
123 109 1
52 39 1
113 23 1
119 25 1
32 27 1
38 33 1
99 85 1
65 69 1
28 79 1
85 10 1
32 138 1
89 79 1
27 129 1
141 10 1
23 42 1
64 57 1
23 155 1
121 41 1
107 10 1
22 81 1
97 16 1
79 96 1
26 28 1
83 101 1
103 94 1
79 17 1
31 146 1
35 87 1
96 71 1
82 102 1
120 77 1
102 109 1
31 35 1
106 96 1
96 54 1
72 63 1
172 10 1
48 56 1
105 57 1
24 49 1
209 11 1
101 13 1
87 110 1
34 86 1
24 160 1
81 81 1
63 86 1
29 66 1
157 13 1
104 29 1
80 38 1
100 41 1
86 12 1
62 101 1
28 60 1
32 39 1
38 77 1
65 33 1
28 83 1
85 46 1
71 15 1
118 46 1
28 194 1
47 102 1
122 37 1
88 109 1
27 26 1
118 89 1
84 72 1
50 104 1
70 111 1
22 130 1
26 193 1
26 112 1
69 62 1
106 53 1
25 41 1
116 110 1
120 105 1
45 86 1
48 85 1
68 24 1
54 95 1
115 95 1
105 21 1
34 11 1
111 11 1
101 33 1
67 81 1
30 103 1
24 188 1
53 63 1
114 63 1
29 38 1
204 12 1
66 45 1
86 40 1
52 104 1
113 78 1
119 80 1
123 21 1
52 31 1
38 30 1
85 81 1
32 67 1
213 12 1
89 22 1
38 105 1
99 109 1
65 13 1
32 178 1
98 79 1
27 73 1
122 57 1
88 73 1
37 48 1
98 62 1
70 56 1
23 82 1
26 178 1
64 97 1
127 14 1
40 10 1
23 195 1
46 32 1
103 17 1
36 94 1
97 88 1
22 25 1
79 88 1
26 84 1
83 29 1
103 102 1
45 41 1
120 22 1
49 46 1
31 106 1
106 41 1
35 111 1
96 15 1
82 46 1
102 53 1
30 161 1
105 96 1
30 48 1
34 47 1
24 105 1
101 69 1
67 77 1
30 67 1
87 22 1
24 152 1
63 25 1
33 94 1
80 95 1
63 110 1
104 85 1
214 14 1
66 49 1
29 187 1
123 64 1
62 61 1
123 49 1
99 56 1
136 14 1
28 100 1
32 111 1
71 70 1
27 164 1
28 155 1
112 12 1
118 22 1
122 93 1
47 30 1
88 37 1
84 17 1
60 10 1
117 87 1
64 77 1
121 12 1
50 48 1
22 74 1
26 57 1
83 72 1
103 53 1
69 101 1
83 57 1
177 12 1
31 185 1
55 39 1
116 55 1
25 112 1
45 13 1
102 70 1
106 13 1
31 78 1
35 11 1
115 102 1
25 146 1
48 29 1
68 80 1
162 13 1
115 23 1
30 44 1
87 69 1
91 14 1
67 41 1
63 61 1
114 71 1
100 54 1
62 78 1
66 21 1
86 80 1
52 32 1
113 22 1
119 24 1
32 28 1
38 38 1
28 72 1
32 139 1
89 78 1
27 128 1
47 77 1
122 14 1
37 103 1
27 49 1
84 53 1
50 69 1
178 14 1
23 154 1
121 40 1
107 13 1
97 23 1
46 88 1
103 89 1
69 89 1
79 16 1
35 86 1
55 11 1
96 88 1
25 76 1
82 103 1
120 78 1
31 34 1
106 97 1
35 39 1
92 12 1
96 55 1
68 37 1
72 32 1
172 11 1
48 57 1
105 56 1
24 50 1
209 10 1
87 105 1
34 87 1
24 161 1
81 80 1
114 24 1
24 208 1
63 81 1
29 65 1
157 12 1
104 30 1
80 39 1
86 13 1
119 79 1
28 61 1
32 56 1
89 57 1
65 32 1
28 172 1
85 45 1
71 14 1
27 108 1
118 47 1
28 195 1
47 97 1
88 110 1
118 94 1
88 29 1
23 73 1
84 73 1
50 105 1
22 131 1
117 15 1
22 114 1
79 71 1
26 113 1
69 61 1
31 113 1
55 111 1
25 40 1
116 111 1
45 85 1
102 14 1
106 69 1
48 86 1
68 25 1
115 94 1
48 37 1
111 10 1
101 32 1
67 80 1
30 100 1
87 13 1
53 62 1
29 37 1
204 13 1
86 41 1
52 105 1
113 77 1
66 93 1
52 24 1
38 31 1
99 31 1
85 80 1
32 68 1
213 11 1
89 21 1
71 93 1
38 110 1
28 176 1
32 179 1
27 72 1
122 70 1
37 63 1
98 63 1
70 57 1
26 179 1
84 109 1
50 13 1
70 72 1
40 11 1
23 194 1
26 34 1
46 33 1
103 16 1
36 95 1
97 95 1
103 97 1
31 196 1
69 17 1
45 40 1
120 23 1
49 45 1
31 85 1
106 22 1
35 110 1
82 47 1
105 103 1
54 56 1
30 49 1
158 10 1
24 106 1
81 15 1
30 64 1
87 17 1
24 153 1
63 24 1
33 93 1
114 32 1
80 80 1
63 105 1
104 86 1
66 14 1
29 186 1
86 53 1
52 77 1
113 105 1
119 55 1
123 48 1
28 101 1
32 96 1
71 65 1
28 148 1
51 45 1
112 13 1
98 80 1
118 23 1
27 84 1
47 25 1
88 38 1
50 94 1
70 37 1
60 11 1
23 113 1
117 86 1
64 78 1
50 49 1
22 75 1
46 61 1
22 58 1
79 63 1
83 56 1
31 184 1
55 38 1
116 48 1
102 71 1
49 73 1
106 10 1
31 73 1
35 10 1
55 87 1
115 105 1
25 145 1
48 30 1
30 130 1
68 81 1
162 10 1
115 22 1
101 23 1
30 45 1
34 48 1
67 40 1
87 53 1
29 124 1
100 55 1
137 11 1
62 79 1
123 111 1
86 81 1
52 33 1
113 21 1
32 29 1
38 39 1
99 87 1
28 73 1
193 14 1
32 140 1
89 77 1
71 37 1
27 131 1
122 15 1
37 102 1
27 48 1
47 61 1
23 36 1
84 54 1
121 47 1
107 12 1
97 22 1
26 26 1
83 103 1
46 89 1
103 88 1
69 88 1
31 156 1
35 89 1
55 10 1
96 89 1
25 83 1
120 79 1
31 45 1
106 110 1
35 38 1
92 13 1
68 38 1
72 33 1
115 69 1
105 63 1
24 51 1
87 104 1
24 162 1
81 87 1
114 25 1
63 80 1
29 64 1
157 11 1
104 31 1
114 104 1
80 24 1
119 78 1
123 11 1
113 49 1
28 62 1
32 57 1
89 56 1
65 39 1
32 168 1
47 96 1
88 111 1
51 101 1
98 24 1
118 95 1
27 28 1
88 30 1
23 72 1
50 102 1
70 109 1
22 128 1
23 185 1
117 14 1
22 115 1
79 70 1
173 14 1
31 112 1
55 110 1
96 101 1
116 104 1
82 72 1
102 15 1
48 87 1
72 93 1
54 93 1
115 33 1
48 38 1
101 47 1
30 101 1
87 12 1
53 61 1
114 61 1
29 36 1
33 33 1
204 14 1
86 46 1
123 23 1
52 25 1
99 30 1
85 95 1
32 69 1
213 10 1
142 14 1
38 111 1
99 111 1
28 177 1
32 180 1
98 77 1
27 75 1
122 71 1
51 65 1
37 62 1
70 62 1
23 108 1
26 176 1
84 110 1
70 73 1
40 12 1
22 172 1
26 35 1
46 38 1
36 88 1
97 94 1
26 82 1
83 31 1
103 96 1
69 16 1
45 39 1
120 24 1
102 88 1
31 84 1
106 23 1
35 17 1
25 180 1
105 102 1
54 57 1
115 61 1
30 54 1
158 11 1
34 45 1
24 107 1
81 14 1
67 79 1
30 65 1
87 16 1
24 154 1
53 17 1
114 33 1
80 81 1
63 104 1
104 87 1
214 12 1
62 80 1
66 15 1
29 185 1
52 78 1
113 104 1
119 54 1
38 56 1
28 102 1
32 97 1
71 64 1
32 208 1
112 14 1
37 65 1
98 81 1
47 24 1
88 39 1
51 93 1
50 95 1
23 112 1
26 148 1
64 79 1
117 85 1
50 46 1
22 72 1
103 55 1
22 59 1
79 62 1
31 187 1
55 33 1
116 49 1
49 72 1
106 11 1
31 72 1
35 13 1
55 86 1
96 45 1
82 16 1
115 104 1
25 144 1
48 31 1
30 131 1
162 11 1
115 25 1
101 22 1
30 18 1
87 71 1
34 49 1
101 103 1
63 63 1
29 123 1
114 69 1
80 61 1
100 48 1
137 10 1
119 101 1
123 110 1
86 86 1
32 30 1
99 86 1
28 74 1
193 13 1
85 23 1
61 14 1
27 130 1
47 79 1
122 12 1
37 101 1
27 51 1
84 55 1
178 12 1
23 148 1
117 41 1
121 46 1
97 21 1
22 84 1
79 109 1
26 27 1
83 102 1
46 94 1
69 71 1
35 88 1
25 82 1
116 21 1
82 101 1
45 111 1
120 80 1
102 96 1
31 44 1
106 111 1
35 41 1
92 14 1
25 195 1
68 39 1
105 62 1
24 52 1
30 14 1
34 85 1
24 163 1
81 86 1
114 22 1
100 69 1
29 95 1
157 10 1
53 73 1
114 105 1
80 25 1
62 104 1
119 73 1
123 10 1
113 48 1
28 63 1
32 58 1
89 63 1
38 64 1
65 38 1
32 169 1
118 45 1
122 32 1
37 25 1
98 25 1
88 31 1
23 75 1
188 10 1
64 24 1
121 89 1
50 103 1
22 129 1
23 184 1
117 13 1
36 37 1
22 112 1
97 49 1
79 65 1
173 13 1
31 115 1
106 48 1
163 11 1
55 105 1
96 102 1
116 105 1
82 73 1
102 12 1
48 72 1
72 94 1
115 32 1
48 39 1
24 16 1
81 33 1
101 46 1
30 106 1
87 15 1
29 35 1
33 32 1
66 40 1
86 47 1
119 45 1
123 22 1
38 29 1
85 94 1
32 70 1
71 95 1
99 110 1
28 178 1
27 74 1
51 64 1
37 61 1
98 61 1
70 63 1
26 177 1
84 111 1
70 78 1
127 11 1
40 13 1
26 32 1
46 39 1
36 89 1
22 28 1
97 93 1
79 37 1
26 83 1
83 30 1
69 31 1
120 25 1
45 38 1
102 89 1
31 87 1
35 16 1
55 77 1
116 77 1
82 45 1
102 40 1
25 187 1
30 164 1
105 101 1
54 62 1
30 55 1
24 108 1
81 13 1
67 78 1
30 70 1
24 155 1
53 16 1
114 94 1
100 29 1
104 88 1
214 13 1
62 81 1
29 184 1
123 69 1
52 79 1
56 10 1
113 111 1
62 32 1
119 49 1
38 57 1
99 61 1
28 103 1
32 98 1
27 185 1
51 47 1
37 64 1
98 110 1
118 21 1
122 88 1
88 40 1
23 115 1
64 64 1
121 17 1
50 47 1
22 73 1
83 77 1
103 54 1
22 56 1
79 57 1
31 186 1
55 32 1
120 53 1
102 69 1
49 79 1
31 75 1
35 12 1
55 81 1
96 46 1
82 17 1
48 16 1
30 128 1
105 65 1
115 24 1
101 21 1
30 19 1
87 70 1
34 78 1
24 72 1
81 105 1
101 102 1
87 55 1
63 62 1
29 122 1
104 37 1
80 62 1
100 49 1
76 10 1
62 77 1
66 16 1
29 156 1
123 97 1
86 87 1
119 21 1
32 31 1
38 37 1
99 89 1
65 89 1
28 75 1
193 12 1
85 22 1
71 39 1
61 13 1
122 13 1
47 78 1
51 11 1
27 50 1
47 63 1
64 61 1
84 48 1
50 64 1
178 13 1
117 40 1
121 45 1
107 14 1
26 24 1
83 105 1
46 95 1
69 70 1
79 29 1
116 22 1
25 81 1
120 81 1
45 110 1
102 97 1
31 47 1
35 40 1
25 194 1
68 32 1
115 71 1
105 61 1
30 15 1
24 164 1
81 85 1
53 39 1
114 23 1
100 70 1
29 94 1
53 72 1
114 102 1
194 14 1
62 105 1
119 72 1
123 13 1
113 55 1
28 56 1
32 59 1
89 62 1
38 65 1
65 37 1
32 170 1
71 11 1
27 97 1
122 33 1
51 103 1
108 12 1
37 24 1
98 22 1
118 93 1
188 11 1
23 74 1
64 25 1
121 88 1
23 187 1
36 38 1
22 113 1
97 48 1
79 64 1
26 124 1
173 12 1
31 114 1
106 49 1
163 10 1
55 104 1
96 103 1
82 70 1
120 109 1
102 13 1
106 64 1
48 73 1
72 95 1
105 25 1
24 17 1
81 32 1
101 45 1
67 85 1
30 107 1
87 14 1
24 128 1
29 34 1
33 39 1
66 41 1
66 88 1
123 41 1
28 28 1
85 93 1
32 71 1
142 12 1
71 94 1
38 109 1
28 179 1
118 14 1
122 69 1
88 77 1
64 101 1
84 104 1
70 79 1
127 10 1
40 14 1
22 162 1
26 33 1
103 13 1
26 80 1
83 33 1
31 193 1
69 30 1
45 37 1
102 94 1
31 86 1
106 21 1
116 78 1
102 41 1
25 186 1
54 63 1
115 63 1
30 52 1
101 65 1
67 49 1
30 71 1
24 156 1
53 31 1
114 95 1
100 30 1
104 89 1
62 86 1
66 13 1
86 72 1
52 72 1
56 11 1
113 110 1
62 33 1
119 48 1
123 53 1
38 62 1
28 96 1
32 99 1
27 184 1
51 46 1
37 79 1
98 111 1
27 41 1
122 89 1
88 41 1
51 95 1
84 29 1
50 93 1
70 24 1
23 114 1
26 146 1
64 65 1
121 16 1
174 10 1
97 15 1
46 64 1
103 49 1
69 97 1
22 57 1
79 56 1
83 61 1
25 116 1
120 54 1
49 78 1
31 74 1
35 15 1
55 80 1
96 47 1
82 14 1
54 104 1
48 17 1
30 129 1
105 64 1
30 16 1
87 65 1
34 79 1
24 73 1
81 104 1
101 101 1
67 45 1
87 54 1
63 57 1
29 121 1
104 38 1
80 63 1
76 11 1
119 103 1
66 17 1
29 155 1
123 96 1
32 16 1
89 33 1
99 88 1
65 88 1
28 68 1
85 21 1
71 38 1
61 12 1
27 132 1
47 73 1
122 10 1
51 10 1
47 62 1
23 33 1
64 62 1
84 49 1
50 65 1
178 10 1
117 55 1
22 106 1
79 111 1
26 25 1
83 104 1
103 85 1
69 69 1
49 25 1
31 153 1
116 23 1
25 80 1
153 11 1
45 109 1
102 102 1
31 46 1
106 109 1
25 193 1
68 33 1
115 70 1
48 61 1
209 14 1
87 101 1
53 38 1
100 71 1
63 93 1
29 93 1
53 87 1
114 103 1
62 110 1
123 12 1
113 54 1
28 57 1
32 60 1
89 61 1
38 70 1
28 168 1
85 41 1
32 171 1
71 10 1
27 96 1
47 109 1
122 46 1
51 102 1
108 13 1
98 23 1
27 17 1
121 95 1
84 85 1
50 101 1
70 96 1
23 186 1
26 202 1
36 39 1
97 55 1
69 57 1
173 11 1
106 62 1
163 13 1
25 44 1
82 71 1
45 81 1
120 110 1
106 65 1
72 64 1
54 80 1
105 24 1
24 18 1
81 39 1
30 104 1
24 129 1
114 56 1
80 104 1
29 33 1
33 38 1
66 38 1
86 45 1
113 65 1
119 47 1
66 89 1
123 40 1
28 29 1
32 88 1
89 25 1
142 13 1
71 89 1
189 14 1
28 140 1
98 72 1
118 15 1
27 76 1
88 78 1
70 61 1
23 105 1
64 102 1
84 105 1
22 163 1
46 37 1
103 12 1
22 18 1
79 39 1
26 81 1
83 32 1
31 192 1
69 29 1
102 95 1
49 33 1
31 81 1
55 79 1
116 79 1
102 46 1
25 185 1
30 170 1
115 62 1
30 53 1
158 14 1
34 40 1
101 64 1
67 48 1
30 68 1
87 45 1
33 81 1
53 30 1
100 31 1
143 13 1
62 87 1
123 71 1
86 73 1
52 73 1
56 12 1
113 109 1
62 38 1
38 63 1
99 63 1
28 97 1
32 100 1
71 61 1
27 187 1
28 144 1
51 49 1
37 78 1
41 11 1
27 40 1
47 37 1
122 102 1
51 94 1
23 28 1
84 30 1
70 25 1
26 147 1
121 23 1
174 11 1
50 45 1
97 14 1
83 79 1
46 65 1
103 48 1
69 96 1
31 164 1
25 123 1
120 55 1
49 77 1
31 53 1
35 14 1
96 32 1
82 15 1
54 105 1
115 109 1
105 71 1
68 93 1
54 24 1
30 17 1
87 64 1
24 74 1
81 111 1
87 49 1
63 56 1
29 120 1
104 39 1
114 64 1
80 48 1
119 102 1
66 110 1
29 154 1
86 85 1
52 45 1
119 23 1
32 17 1
89 32 1
65 95 1
28 69 1
32 128 1
89 81 1
71 33 1
61 11 1
47 72 1
122 11 1
51 13 1
27 52 1
47 57 1
23 32 1
64 63 1
178 11 1
23 145 1
117 54 1
36 12 1
22 107 1
79 110 1
46 93 1
79 31 1
49 24 1
31 152 1
35 93 1
96 93 1
116 16 1
153 10 1
82 96 1
102 103 1
49 105 1
31 41 1
25 192 1
72 37 1
115 73 1
48 62 1
209 13 1
101 55 1
30 13 1
34 80 1
77 14 1
53 37 1
114 21 1
100 64 1
29 92 1
33 25 1
53 86 1
194 12 1
62 111 1
123 15 1
113 53 1
28 58 1
85 71 1
32 61 1
38 71 1
28 169 1
85 40 1
32 172 1
27 99 1
118 32 1
122 47 1
51 105 1
108 14 1
27 16 1
23 68 1
121 94 1
84 86 1
70 97 1
22 132 1
46 14 1
36 32 1
97 54 1
26 122 1
69 56 1
45 63 1
173 10 1
31 124 1
106 63 1
163 12 1
25 51 1
45 80 1
120 111 1
106 78 1
31 13 1
72 65 1
54 81 1
115 37 1
105 31 1
24 19 1
81 38 1
67 87 1
30 105 1
24 130 1
53 57 1
114 57 1
80 105 1
29 32 1
33 37 1
204 10 1
66 39 1
113 64 1
119 46 1
66 86 1
38 16 1
28 30 1
32 89 1
89 24 1
71 88 1
189 13 1
32 200 1
179 11 1
98 73 1
88 79 1
51 69 1
98 56 1
23 104 1
26 188 1
64 103 1
70 77 1
22 160 1
103 15 1
22 19 1
79 38 1
31 195 1
49 32 1
31 80 1
35 21 1
55 78 1
116 72 1
82 40 1
102 47 1
25 184 1
30 171 1
54 61 1
30 58 1
34 41 1
101 79 1
30 69 1
33 80 1
53 29 1
114 93 1
80 85 1
100 24 1
143 12 1
123 70 1
86 78 1
56 13 1
62 39 1
123 55 1
99 62 1
28 98 1
32 101 1
27 186 1
28 145 1
51 48 1
37 77 1
41 10 1
98 109 1
27 43 1
118 104 1
122 103 1
84 31 1
70 30 1
23 140 1
117 81 1
26 144 1
121 22 1
97 13 1
22 76 1
83 78 1
46 70 1
69 111 1
83 63 1
55 61 1
25 122 1
116 61 1
120 56 1
31 52 1
35 49 1
96 33 1
72 10 1
54 110 1
25 148 1
105 70 1
68 94 1
54 25 1
115 29 1
30 22 1
34 77 1
128 10 1
24 75 1
81 110 1
67 47 1
87 48 1
104 40 1
114 65 1
80 49 1
137 14 1
119 97 1
66 111 1
29 153 1
52 46 1
119 22 1
32 18 1
89 39 1
38 88 1
65 94 1
28 70 1
32 129 1
89 80 1
71 32 1
61 10 1
51 12 1
37 97 1
47 56 1
23 35 1
64 48 1
121 65 1
23 144 1
117 53 1
36 13 1
22 104 1
97 41 1
79 105 1
103 87 1
79 30 1
49 31 1
31 155 1
96 94 1
116 17 1
82 97 1
49 104 1
31 40 1
35 45 1
92 10 1
72 38 1
115 72 1
48 63 1
24 56 1
81 57 1
209 12 1
101 54 1
30 114 1
87 103 1
34 81 1
77 13 1
100 65 1
63 95 1
29 91 1
33 24 1
53 85 1
114 101 1
80 29 1
194 13 1
119 69 1
123 14 1
28 59 1
85 70 1
32 62 1
28 170 1
85 55 1
27 98 1
118 33 1
47 111 1
51 104 1
98 21 1
118 80 1
27 19 1
121 93 1
84 87 1
70 102 1
23 180 1
26 200 1
46 15 1
36 33 1
22 116 1
97 53 1
79 77 1
26 123 1
69 39 1
45 62 1
55 101 1
25 50 1
82 69 1
45 79 1
210 14 1
106 79 1
25 163 1
54 86 1
105 30 1
24 20 1
81 37 1
67 86 1
30 110 1
87 11 1
24 131 1
124 12 1
53 56 1
114 54 1
100 101 1
104 96 1
29 63 1
204 11 1
29 208 1
113 71 1
119 41 1
66 87 1
38 17 1
28 31 1
32 90 1
89 31 1
38 96 1
189 12 1
32 201 1
179 10 1
98 70 1
118 13 1
122 64 1
88 80 1
37 57 1
98 57 1
23 107 1
22 161 1
26 44 1
103 14 1
36 69 1
97 81 1
22 16 1
79 33 1
31 194 1
120 29 1
102 93 1
49 39 1
31 83 1
106 16 1
55 73 1
116 73 1
82 41 1
48 104 1
30 168 1
105 105 1
30 59 1
158 12 1
34 38 1
24 112 1
101 78 1
30 74 1
87 47 1
33 87 1
80 86 1
100 25 1
62 85 1
29 180 1
123 89 1
86 79 1
56 14 1
119 13 1
123 54 1
38 61 1
99 33 1
28 99 1
32 102 1
71 63 1
28 146 1
27 42 1
118 105 1
47 39 1
84 24 1
50 88 1
70 31 1
117 80 1
26 145 1
121 21 1
83 81 1
46 71 1
69 110 1
22 60 1
83 62 1
25 121 1
116 62 1
120 57 1
31 55 1
35 48 1
82 13 1
72 11 1
54 111 1
115 111 1
25 155 1
30 132 1
68 95 1
105 69 1
54 30 1
101 17 1
30 23 1
128 11 1
24 76 1
81 109 1
67 46 1
104 41 1
100 61 1
137 13 1
190 10 1
119 96 1
29 152 1
123 101 1
52 47 1
113 15 1
119 17 1
32 19 1
89 38 1
38 89 1
99 93 1
65 93 1
28 71 1
32 130 1
89 87 1
27 153 1
51 15 1
37 96 1
98 14 1
23 34 1
64 49 1
121 64 1
23 147 1
121 49 1
36 14 1
22 105 1
97 40 1
79 104 1
26 100 1
83 109 1
103 86 1
79 25 1
49 30 1
31 154 1
35 95 1
96 95 1
82 94 1
120 85 1
102 101 1
49 111 1
31 43 1
106 104 1
92 11 1
72 39 1
48 48 1
105 33 1
24 57 1
81 56 1
101 53 1
30 115 1
87 102 1
34 110 1
77 12 1
24 168 1
81 73 1
63 94 1
29 90 1
33 31 1
80 30 1
194 10 1
62 109 1
28 52 1
85 69 1
32 63 1
38 69 1
65 57 1
28 171 1
85 54 1
118 38 1
47 110 1
122 45 1
118 81 1
27 18 1
117 103 1
64 29 1
84 80 1
50 96 1
70 103 1
22 154 1
26 201 1
26 120 1
69 38 1
45 61 1
106 61 1
163 14 1
25 49 1
45 78 1
31 15 1
25 162 1
48 77 1
54 87 1
115 39 1
105 29 1
101 41 1
67 89 1
30 111 1
87 10 1
24 132 1
124 13 1
114 55 1
100 102 1
104 97 1
29 62 1
66 37 1
86 32 1
113 70 1
119 40 1
123 45 1
38 22 1
28 24 1
85 89 1
32 91 1
89 30 1
38 97 1
189 11 1
27 208 1
32 202 1
179 13 1
37 87 1
98 71 1
27 65 1
122 65 1
88 81 1
51 71 1
37 56 1
98 54 1
70 48 1
23 106 1
26 186 1
46 40 1
36 70 1
97 80 1
22 17 1
79 32 1
26 92 1
83 37 1
45 33 1
120 30 1
49 38 1
31 82 1
106 17 1
35 23 1
55 72 1
82 38 1
102 45 1
72 16 1
78 10 1
48 105 1
30 169 1
105 104 1
30 56 1
158 13 1
34 39 1
24 113 1
205 14 1
101 77 1
67 53 1
30 75 1
87 46 1
33 86 1
80 87 1
104 93 1
143 14 1
29 179 1
123 88 1
62 37 1
119 12 1
99 32 1
28 124 1
32 103 1
71 62 1
27 188 1
28 147 1
118 110 1
47 38 1
122 101 1
88 45 1
23 25 1
84 25 1
50 89 1
117 95 1
64 69 1
174 14 1
50 40 1
22 66 1
83 80 1
103 45 1
69 109 1
31 161 1
55 63 1
116 63 1
25 120 1
31 54 1
159 13 1
72 12 1
115 110 1
25 154 1
48 21 1
68 88 1
54 31 1
115 31 1
101 16 1
30 20 1
87 93 1
128 12 1
101 97 1
67 17 1
57 11 1
63 37 1
100 62 1
137 12 1
190 11 1
66 109 1
86 104 1
52 40 1
113 14 1
119 16 1
32 20 1
89 37 1
38 94 1
28 64 1
85 17 1
32 131 1
89 86 1
27 152 1
47 85 1
122 22 1
51 14 1
37 111 1
98 15 1
121 71 1
84 61 1
23 146 1
121 48 1
36 15 1
97 47 1
46 96 1
103 81 1
69 65 1
79 24 1
49 29 1
35 94 1
96 80 1
25 84 1
82 95 1
45 105 1
120 86 1
49 110 1
31 42 1
106 105 1
35 47 1
68 45 1
72 40 1
54 72 1
48 49 1
105 32 1
24 58 1
81 63 1
138 14 1
30 112 1
87 97 1
34 111 1
77 11 1
24 169 1
81 72 1
67 13 1
114 16 1
63 89 1
29 89 1
33 30 1
80 31 1
194 11 1
29 202 1
113 89 1
119 71 1
52 12 1
28 53 1
32 48 1
65 56 1
28 164 1
85 53 1
27 100 1
118 39 1
47 105 1
118 86 1
23 65 1
117 102 1
64 30 1
84 81 1
50 97 1
22 155 1
117 23 1
46 13 1
93 14 1
79 79 1
26 121 1
69 37 1
49 57 1
31 121 1
55 103 1
25 48 1
210 12 1
45 77 1
106 77 1
31 14 1
25 161 1
48 78 1
30 178 1
115 38 1
101 40 1
67 88 1
30 108 1
124 14 1
33 73 1
100 103 1
29 61 1
86 33 1
113 69 1
62 14 1
66 85 1
38 23 1
28 25 1
85 88 1
32 92 1
89 29 1
71 85 1
38 102 1
189 10 1
28 136 1
179 12 1
37 86 1
27 64 1
122 78 1
47 13 1
51 70 1
37 39 1
98 55 1
70 49 1
26 187 1
70 64 1
26 42 1
46 41 1
36 71 1
97 87 1
69 25 1
25 99 1
45 32 1
120 31 1
49 37 1
106 30 1
31 93 1
35 22 1
96 24 1
82 39 1
72 17 1
78 11 1
105 111 1
68 101 1
72 96 1
54 48 1
30 57 1
24 114 1
205 13 1
30 72 1
195 11 1
87 41 1
33 85 1
114 88 1
80 72 1
104 94 1
29 178 1
86 77 1
52 85 1
113 97 1
119 15 1
32 120 1
71 57 1
51 53 1
98 104 1
118 111 1
27 44 1
47 33 1
88 46 1
23 24 1
50 86 1
70 29 1
22 208 1
23 137 1
117 94 1
64 70 1
50 41 1
22 67 1
46 69 1
22 50 1
31 160 1
55 62 1
116 56 1
49 65 1
31 49 1
159 12 1
72 13 1
54 109 1
25 153 1
48 22 1
30 138 1
68 89 1
115 30 1
101 31 1
30 21 1
34 72 1
128 13 1
101 96 1
67 16 1
57 10 1
29 116 1
100 63 1
123 103 1
86 105 1
52 41 1
113 13 1
32 21 1
38 95 1
99 95 1
28 65 1
85 16 1
32 132 1
89 85 1
71 29 1
27 155 1
122 23 1
51 17 1
37 110 1
88 10 1
23 60 1
121 70 1
84 62 1
121 55 1
144 10 1
97 46 1
26 98 1
83 111 1
46 97 1
103 80 1
69 64 1
31 132 1
35 65 1
96 81 1
25 91 1
153 14 1
45 104 1
120 87 1
49 109 1
106 86 1
31 21 1
35 46 1
25 196 1
68 46 1
72 41 1
54 73 1
115 77 1
105 39 1
24 59 1
81 62 1
30 113 1
87 96 1
77 10 1
24 170 1
81 79 1
53 33 1
114 17 1
63 88 1
29 88 1
33 29 1
114 96 1
80 16 1
29 201 1
113 88 1
119 70 1
66 78 1
52 13 1
113 41 1
28 54 1
32 49 1
65 63 1
32 160 1
47 104 1
51 109 1
108 10 1
98 16 1
118 87 1
27 20 1
23 64 1
26 164 1
117 101 1
64 31 1
50 30 1
70 101 1
22 152 1
23 177 1
117 22 1
93 13 1
79 78 1
49 56 1
31 120 1
55 102 1
82 64 1
210 13 1
139 11 1
25 160 1
48 79 1
30 179 1
72 69 1
54 85 1
115 41 1
30 194 1
101 87 1
30 109 1
33 72 1
114 53 1
80 109 1
100 96 1
29 60 1
33 57 1
86 38 1
62 15 1
123 47 1
28 26 1
85 103 1
32 93 1
38 103 1
28 137 1
37 85 1
98 69 1
27 67 1
122 79 1
51 73 1
37 38 1
70 54 1
23 100 1
26 184 1
70 65 1
22 164 1
26 43 1
46 46 1
103 11 1
36 64 1
97 86 1
26 90 1
83 39 1
69 24 1
25 98 1
116 37 1
45 31 1
120 32 1
102 80 1
31 92 1
106 31 1
35 25 1
96 25 1
25 19 1
25 188 1
105 110 1
68 102 1
72 97 1
54 49 1
30 62 1
34 37 1
24 115 1
205 12 1
67 55 1
30 73 1
195 10 1
87 40 1
29 111 1
104 48 1
53 25 1
114 89 1
80 73 1
104 95 1
62 88 1
29 177 1
52 86 1
113 96 1
119 14 1
38 48 1
32 121 1
71 56 1
37 73 1
41 14 1
98 105 1
47 32 1
88 47 1
23 27 1
64 40 1
50 87 1
23 136 1
26 156 1
64 71 1
117 93 1
174 12 1
50 38 1
36 21 1
22 64 1
103 47 1
22 51 1
31 163 1
55 57 1
116 57 1
49 64 1
31 48 1
35 53 1
96 37 1
72 14 1
25 152 1
48 23 1
30 139 1
54 29 1
24 32 1
101 30 1
30 26 1
87 95 1
34 73 1
128 14 1
101 111 1
63 39 1
29 115 1
80 53 1
100 56 1
123 102 1
86 110 1
32 22 1
99 94 1
28 66 1
85 31 1
27 154 1
47 87 1
51 16 1
37 109 1
98 13 1
118 72 1
88 11 1
121 69 1
84 63 1
23 172 1
117 49 1
121 54 1
144 11 1
22 108 1
97 45 1
26 99 1
83 110 1
46 102 1
69 79 1
35 64 1
55 29 1
25 90 1
153 13 1
116 29 1
45 103 1
120 88 1
102 24 1
82 93 1
106 87 1
31 20 1
206 10 1
68 47 1
54 78 1
105 38 1
24 60 1
81 61 1
138 12 1
34 109 1
24 171 1
81 78 1
67 15 1
53 32 1
114 14 1
100 77 1
29 87 1
53 81 1
114 97 1
80 17 1
29 200 1
113 95 1
62 16 1
119 65 1
66 79 1
52 14 1
113 40 1
28 55 1
32 50 1
27 201 1
65 62 1
32 161 1
118 37 1
122 40 1
108 11 1
98 17 1
23 67 1
64 16 1
121 97 1
50 31 1
22 153 1
23 176 1
117 21 1
36 45 1
93 12 1
97 73 1
79 73 1
49 63 1
31 123 1
106 56 1
55 97 1
82 65 1
210 10 1
139 10 1
48 64 1
30 176 1
72 70 1
115 40 1
30 195 1
34 30 1
24 24 1
81 25 1
101 86 1
30 82 1
33 79 1
80 110 1
100 97 1
29 59 1
33 56 1
66 32 1
29 172 1
86 39 1
119 37 1
123 46 1
38 21 1
65 105 1
28 27 1
85 102 1
32 94 1
71 87 1
28 138 1
179 14 1
27 66 1
47 15 1
51 72 1
37 37 1
98 53 1
70 55 1
22 202 1
26 185 1
70 70 1
26 40 1
46 47 1
103 10 1
36 65 1
97 85 1
22 20 1
79 45 1
26 91 1
83 38 1
25 97 1
116 38 1
120 33 1
45 30 1
102 81 1
31 95 1
35 24 1
55 69 1
116 85 1
25 18 1
82 37 1
102 32 1
25 131 1
30 172 1
68 103 1
105 109 1
54 54 1
30 63 1
24 116 1
205 11 1
67 54 1
30 78 1
195 13 1
104 49 1
29 110 1
53 24 1
114 86 1
29 31 1
104 64 1
143 11 1
62 89 1
29 176 1
123 93 1
52 87 1
180 12 1
113 103 1
62 40 1
38 49 1
99 37 1
32 122 1
27 177 1
51 55 1
37 72 1
41 13 1
98 102 1
118 109 1
122 96 1
88 48 1
94 10 1
23 26 1
64 41 1
23 139 1
64 88 1
121 25 1
174 13 1
50 39 1
36 22 1
22 65 1
83 85 1
103 46 1
36 101 1
22 48 1
31 162 1
55 56 1
120 61 1
49 71 1
31 51 1
159 14 1
96 38 1
72 15 1
30 136 1
105 73 1
24 33 1
101 29 1
30 27 1
87 94 1
34 70 1
24 80 1
81 97 1
101 110 1
63 38 1
29 114 1
104 45 1
80 54 1
100 57 1
190 14 1
66 104 1
29 148 1
86 111 1
28 44 1
32 23 1
38 93 1
99 65 1
65 81 1
28 67 1
85 30 1
71 31 1
47 86 1
175 13 1
122 21 1
118 73 1
88 12 1
64 53 1
84 56 1
117 48 1
121 53 1
144 12 1
36 10 1
26 96 1
46 103 1
69 78 1
73 11 1
25 89 1
116 30 1
153 12 1
120 89 1
45 102 1
102 25 1
31 23 1
129 11 1
206 11 1
25 202 1
68 40 1
54 79 1
115 79 1
105 37 1
101 49 1
138 13 1
67 97 1
24 172 1
81 77 1
67 14 1
53 47 1
114 15 1
100 78 1
29 86 1
53 80 1
86 24 1
113 94 1
62 17 1
119 64 1
52 15 1
113 47 1
28 48 1
85 65 1
32 51 1
27 200 1
65 61 1
32 162 1
27 121 1
122 41 1
51 111 1
98 46 1
118 85 1
23 66 1
26 162 1
64 17 1
121 96 1
23 179 1
154 14 1
46 16 1
36 46 1
93 11 1
97 72 1
79 72 1
26 68 1
83 13 1
45 57 1
49 62 1
31 122 1
106 57 1
55 96 1
82 62 1
210 11 1
139 13 1
106 72 1
48 65 1
30 177 1
68 12 1
72 71 1
30 192 1
34 31 1
24 25 1
81 24 1
101 85 1
67 93 1
30 83 1
24 136 1
33 78 1
80 111 1
29 58 1
104 101 1
33 63 1
66 33 1
29 171 1
62 13 1
66 80 1
123 33 1
109 14 1
38 10 1
65 104 1
28 20 1
85 101 1
32 95 1
71 86 1
38 101 1
65 25 1
28 139 1
47 14 1
122 77 1
88 85 1
117 71 1
70 71 1
22 186 1
26 41 1
26 88 1
83 41 1
31 201 1
116 39 1
25 96 1
45 29 1
102 86 1
31 94 1
106 29 1
116 86 1
25 17 1
102 33 1
78 14 1
25 130 1
48 109 1
68 96 1
54 55 1
30 60 1
205 10 1
101 73 1
67 57 1
30 79 1
195 12 1
63 13 1
29 109 1
53 103 1
114 87 1
29 30 1
104 65 1
143 10 1
62 94 1
86 64 1
52 80 1
180 13 1
113 102 1
62 41 1
38 54 1
28 120 1
32 123 1
27 176 1
51 54 1
41 12 1
98 103 1
27 33 1
122 97 1
88 49 1
94 11 1
84 37 1
50 85 1
70 16 1
23 138 1
26 154 1
64 89 1
121 24 1
36 23 1
46 72 1
211 11 1
103 41 1
69 105 1
36 102 1
22 49 1
96 72 1
25 124 1
120 62 1
49 70 1
31 50 1
35 55 1
96 39 1
68 53 1
72 48 1
54 96 1
30 137 1
105 72 1
24 34 1
30 24 1
87 89 1
34 71 1
24 81 1
81 96 1
101 109 1
67 21 1
24 192 1
63 33 1
29 113 1
104 46 1
80 55 1
66 105 1
29 147 1
42 14 1
28 45 1
32 40 1
89 41 1
99 64 1
65 80 1
28 92 1
85 29 1
71 30 1
27 156 1
47 81 1
175 12 1
118 78 1
88 13 1
23 57 1
64 54 1
84 57 1
117 63 1
144 13 1
36 11 1
22 98 1
26 97 1
103 77 1
69 77 1
73 10 1
49 17 1
31 129 1
55 31 1
116 31 1
25 88 1
45 101 1
102 30 1
31 22 1
106 85 1
129 10 1
25 201 1
68 41 1
115 78 1
48 53 1
101 48 1
138 10 1
67 96 1
30 116 1
53 46 1
100 79 1
63 69 1
104 10 1
29 85 1
53 95 1
86 25 1
113 93 1
62 22 1
66 77 1
160 10 1
113 46 1
28 49 1
85 64 1
32 52 1
71 109 1
28 160 1
85 49 1
32 163 1
27 120 1
122 54 1
51 110 1
37 15 1
98 47 1
26 163 1
121 103 1
84 93 1
50 29 1
70 88 1
23 178 1
46 17 1
36 47 1
93 10 1
97 79 1
69 33 1
45 56 1
49 61 1
106 38 1
31 101 1
25 52 1
82 63 1
45 73 1
139 12 1
106 73 1
68 13 1
72 72 1
54 40 1
30 193 1
24 26 1
81 31 1
30 80 1
24 137 1
124 10 1
33 77 1
114 48 1
80 96 1
29 57 1
104 102 1
33 62 1
66 62 1
29 170 1
86 37 1
119 39 1
66 81 1
123 32 1
109 13 1
38 11 1
65 111 1
28 21 1
32 80 1
89 97 1
71 81 1
65 24 1
28 132 1
98 64 1
27 68 1
155 11 1
88 86 1
70 53 1
22 200 1
23 97 1
117 70 1
22 187 1
46 45 1
22 42 1
79 47 1
26 89 1
83 40 1
31 200 1
116 32 1
102 87 1
49 89 1
31 89 1
55 71 1
116 87 1
25 16 1
102 38 1
72 21 1
25 129 1
48 110 1
30 146 1
68 97 1
30 61 1
34 32 1
101 72 1
67 56 1
30 76 1
87 37 1
29 108 1
33 105 1
53 102 1
29 29 1
62 95 1
123 95 1
86 65 1
52 81 1
180 14 1
113 101 1
62 46 1
119 11 1
32 13 1
38 55 1
99 39 1
28 121 1
32 124 1
71 53 1
27 179 1
51 57 1
27 32 1
47 45 1
122 110 1
23 20 1
84 38 1
70 17 1
26 155 1
121 31 1
50 37 1
36 16 1
83 87 1
46 73 1
211 10 1
103 40 1
69 104 1
36 103 1
31 172 1
96 73 1
25 67 1
120 63 1
49 69 1
31 61 1
35 54 1
96 56 1
68 54 1
72 49 1
54 97 1
105 79 1
68 69 1
54 16 1
24 35 1
30 25 1
87 88 1
24 82 1
81 103 1
57 14 1
24 193 1
63 32 1
29 112 1
104 47 1
80 40 1
190 12 1
66 102 1
29 146 1
86 109 1
52 53 1
28 46 1
32 41 1
89 40 1
65 87 1
28 93 1
32 152 1
89 89 1
71 25 1
47 80 1
51 21 1
118 79 1
88 14 1
23 56 1
64 55 1
23 169 1
117 62 1
144 14 1
22 99 1
46 101 1
49 16 1
31 128 1
35 69 1
55 30 1
96 85 1
116 24 1
82 88 1
102 31 1
49 97 1
31 17 1
25 200 1
72 45 1
54 77 1
115 81 1
48 54 1
101 63 1
138 11 1
34 104 1
53 45 1
114 13 1
43 11 1
100 72 1
29 84 1
104 11 1
33 17 1
53 94 1
86 30 1
62 23 1
160 11 1
113 45 1
28 50 1
85 79 1
32 53 1
27 202 1
28 161 1
85 48 1
32 164 1
27 123 1
118 56 1
28 208 1
122 55 1
37 14 1
23 92 1
117 97 1
26 160 1
121 102 1
84 94 1
70 89 1
22 156 1
154 12 1
46 22 1
36 40 1
97 78 1
26 66 1
83 15 1
69 32 1
45 55 1
31 100 1
106 39 1
35 97 1
25 59 1
45 72 1
25 164 1
68 14 1
72 73 1
54 41 1
115 45 1
34 29 1
24 27 1
81 30 1
67 95 1
30 81 1
24 138 1
124 11 1
114 49 1
80 97 1
29 56 1
104 103 1
33 61 1
66 63 1
29 169 1
119 38 1
109 12 1
65 110 1
28 22 1
32 81 1
89 96 1
71 80 1
65 31 1
32 192 1
37 81 1
98 65 1
155 10 1
88 87 1
51 77 1
98 48 1
22 201 1
23 96 1
26 132 1
117 69 1
50 62 1
70 69 1
22 184 1
22 43 1
79 46 1
116 33 1
49 88 1
31 88 1
35 29 1
55 70 1
96 29 1
116 80 1
82 32 1
102 39 1
72 22 1
78 12 1
25 128 1
48 111 1
30 147 1
72 101 1
54 53 1
30 34 1
34 33 1
195 14 1
30 77 1
63 15 1
29 107 1
33 104 1
53 101 1
114 85 1
80 77 1
29 28 1
123 94 1
86 70 1
62 47 1
119 10 1
32 14 1
99 38 1
28 122 1
27 178 1
51 56 1
98 101 1
27 35 1
118 96 1
122 111 1
84 39 1
70 22 1
23 132 1
117 89 1
26 152 1
121 30 1
36 17 1
22 68 1
83 86 1
46 78 1
211 13 1
69 87 1
36 96 1
55 53 1
25 66 1
120 64 1
31 60 1
159 11 1
35 57 1
96 57 1
68 55 1
196 12 1
54 102 1
25 156 1
105 78 1
68 70 1
54 17 1
24 36 1
30 30 1
34 69 1
24 83 1
81 102 1
67 23 1
57 13 1
24 194 1
100 85 1
104 16 1
29 79 1
110 10 1
80 41 1
190 13 1
66 103 1
29 145 1
52 54 1
42 12 1
28 47 1
32 42 1
89 47 1
38 80 1
65 86 1
28 94 1
32 153 1
89 88 1
71 24 1
122 16 1
175 14 1
88 96 1
37 105 1
88 15 1
23 59 1
121 73 1
23 168 1
117 61 1
36 53 1
22 96 1
97 33 1
103 79 1
49 23 1
31 131 1
55 25 1
96 86 1
116 25 1
82 89 1
49 96 1
31 16 1
206 14 1
48 88 1
72 46 1
115 80 1
48 55 1
81 49 1
101 62 1
30 122 1
34 105 1
191 13 1
43 10 1
100 73 1
63 71 1
104 12 1
29 83 1
33 16 1
53 93 1
80 21 1
29 196 1
86 31 1
119 93 1
160 12 1
52 10 1
99 17 1
28 51 1
85 78 1
32 54 1
89 11 1
71 111 1
28 162 1
85 63 1
27 122 1
118 57 1
145 11 1
37 13 1
98 45 1
26 161 1
117 96 1
121 101 1
84 95 1
70 94 1
117 17 1
26 208 1
154 13 1
46 23 1
36 41 1
97 77 1
79 85 1
26 67 1
83 14 1
69 47 1
45 54 1
31 103 1
35 96 1
25 58 1
82 61 1
45 71 1
102 56 1
139 14 1
25 171 1
30 180 1
68 15 1
54 46 1
24 28 1
81 29 1
67 94 1
30 86 1
24 139 1
114 46 1
100 109 1
29 55 1
104 104 1
29 168 1
170 14 1
62 48 1
119 33 1
109 11 1
99 13 1
65 109 1
28 23 1
32 82 1
89 103 1
27 169 1
65 30 1
32 193 1
37 80 1
98 94 1
155 13 1
122 72 1
88 88 1
37 33 1
98 49 1
23 99 1
50 63 1
22 185 1
23 208 1
26 52 1
140 12 1
36 77 1
97 105 1
22 40 1
79 41 1
31 202 1
120 37 1
102 85 1
49 95 1
31 91 1
106 24 1
55 65 1
96 30 1
116 81 1
82 33 1
72 23 1
78 13 1
48 96 1
105 81 1
30 144 1
125 14 1
72 102 1
54 10 1
30 35 1
34 62 1
24 120 1
87 39 1
63 14 1
29 106 1
104 53 1
33 111 1
80 78 1
29 27 1
62 93 1
29 140 1
123 81 1
86 71 1
32 15 1
38 53 1
99 41 1
65 73 1
28 123 1
71 55 1
27 34 1
118 97 1
47 47 1
94 14 1
64 45 1
84 32 1
50 80 1
70 23 1
26 153 1
117 88 1
121 29 1
83 89 1
46 79 1
211 12 1
69 86 1
36 97 1
22 52 1
79 13 1
25 65 1
120 65 1
31 63 1
159 10 1
35 56 1
68 48 1
196 13 1
54 103 1
30 140 1
68 71 1
105 77 1
54 22 1
101 25 1
30 31 1
24 84 1
81 101 1
67 22 1
57 12 1
24 195 1
100 86 1
29 78 1
104 17 1
110 11 1
100 37 1
29 144 1
52 55 1
42 13 1
28 40 1
32 43 1
89 46 1
38 81 1
99 69 1
65 85 1
28 95 1
32 154 1
89 95 1
27 145 1
122 17 1
88 97 1
51 23 1
37 104 1
118 77 1
88 16 1
23 58 1
121 72 1
23 171 1
121 57 1
36 54 1
22 97 1
97 32 1
26 108 1
103 78 1
49 22 1
31 130 1
35 71 1
55 24 1
96 87 1
82 86 1
120 93 1
102 29 1
49 103 1
31 19 1
106 80 1
48 89 1
72 47 1
58 14 1
48 40 1
105 41 1
81 48 1
101 61 1
67 101 1
30 123 1
34 102 1
24 176 1
81 65 1
191 12 1
43 13 1
63 70 1
104 13 1
29 82 1
33 23 1
80 22 1
29 195 1
62 21 1
66 72 1
123 25 1
160 13 1
52 11 1
99 16 1
85 77 1
32 55 1
89 10 1
71 110 1
99 97 1
65 49 1
28 163 1
85 62 1
118 62 1
122 53 1
145 10 1
37 12 1
117 111 1
64 21 1
84 88 1
50 24 1
70 95 1
22 146 1
117 16 1
154 10 1
103 29 1
26 64 1
83 17 1
69 46 1
45 53 1
120 10 1
106 37 1
31 102 1
25 57 1
45 70 1
102 57 1
25 170 1
48 69 1
176 10 1
54 47 1
115 47 1
30 196 1
101 81 1
67 65 1
30 87 1
24 140 1
63 21 1
53 15 1
114 47 1
100 110 1
29 54 1
104 105 1
66 61 1
86 56 1
62 49 1
119 32 1
123 37 1
109 10 1
38 14 1
28 16 1
85 97 1
32 83 1
89 102 1
27 168 1
65 29 1
32 194 1
37 95 1
98 95 1
27 89 1
155 12 1
122 73 1
88 89 1
51 79 1
37 32 1
84 13 1
70 40 1
23 98 1
26 130 1
46 48 1
140 13 1
36 78 1
97 104 1
22 41 1
79 40 1
83 45 1
25 100 1
45 25 1
120 38 1
49 94 1
31 90 1
106 25 1
35 31 1
55 64 1
96 31 1
82 30 1
102 37 1
72 24 1
48 97 1
30 145 1
105 80 1
125 13 1
72 103 1
54 11 1
30 32 1
34 63 1
24 121 1
67 61 1
87 38 1
171 11 1
29 105 1
104 54 1
33 110 1
80 79 1
29 26 1
104 69 1
29 139 1
123 80 1
62 45 1
99 40 1
65 72 1
28 116 1
71 54 1
27 180 1
118 102 1
47 46 1
122 109 1
88 53 1
23 17 1
64 46 1
84 33 1
50 81 1
117 39 1
64 93 1
50 32 1
22 90 1
83 88 1
103 37 1
69 85 1
31 169 1
55 55 1
25 64 1
31 62 1
68 49 1
196 14 1
48 13 1
68 64 1
54 23 1
101 24 1
30 28 1
87 85 1
101 105 1
67 25 1
24 196 1
100 87 1
63 45 1
29 77 1
53 71 1
100 38 1
66 101 1
86 96 1
52 48 1
42 10 1
28 41 1
32 44 1
89 45 1
38 86 1
28 88 1
85 25 1
32 155 1
89 94 1
27 144 1
122 30 1
47 93 1
51 22 1
37 23 1
88 17 1
121 79 1
84 69 1
23 170 1
121 56 1
36 55 1
97 39 1
46 104 1
103 73 1
69 73 1
73 14 1
49 21 1
35 70 1
96 104 1
25 92 1
82 87 1
45 97 1
120 94 1
49 102 1
31 18 1
106 81 1
129 14 1
206 12 1
68 21 1
72 80 1
54 64 1
48 41 1
105 40 1
81 55 1
30 120 1
34 103 1
24 177 1
81 64 1
43 12 1
63 65 1
104 14 1
29 81 1
33 22 1
80 23 1
29 194 1
86 29 1
52 101 1
113 81 1
119 95 1
66 73 1
123 24 1
160 14 1
28 13 1
32 72 1
71 105 1
99 96 1
65 48 1
28 188 1
85 61 1
27 124 1
118 63 1
37 11 1
23 89 1
117 110 1
64 22 1
84 89 1
50 25 1
22 147 1
117 31 1
154 11 1
46 21 1
79 87 1
26 65 1
83 16 1
103 109 1
31 208 1
69 45 1
59 11 1
120 11 1
49 49 1
31 97 1
25 56 1
45 69 1
102 62 1
25 169 1
48 70 1
176 11 1
30 186 1
115 46 1
34 24 1
101 80 1
67 64 1
30 84 1
87 29 1
33 65 1
53 14 1
100 111 1
63 101 1
29 53 1
86 57 1
170 12 1
62 54 1
38 15 1
99 15 1
28 17 1
85 96 1
32 84 1
89 101 1
71 77 1
27 171 1
28 128 1
32 195 1
51 33 1
37 94 1
27 88 1
122 86 1
47 21 1
51 78 1
37 47 1
84 14 1
70 41 1
26 131 1
50 61 1
26 50 1
46 49 1
140 14 1
36 79 1
97 111 1
31 180 1
25 107 1
45 24 1
120 39 1
49 93 1
31 69 1
35 30 1
96 16 1
25 20 1
82 31 1
72 25 1
105 87 1
68 109 1
125 12 1
72 104 1
30 33 1
24 122 1
87 33 1
171 10 1
29 104 1
104 55 1
33 109 1
114 80 1
80 64 1
29 25 1
104 70 1
66 30 1
29 138 1
86 69 1
52 93 1
180 10 1
113 25 1
65 79 1
32 112 1
89 65 1
71 49 1
51 61 1
98 96 1
118 103 1
27 36 1
47 41 1
88 54 1
94 12 1
23 16 1
64 47 1
50 78 1
70 21 1
23 129 1
117 38 1
64 94 1
50 33 1
22 91 1
211 14 1
46 77 1
79 15 1
31 168 1
55 54 1
96 77 1
31 57 1
72 53 1
54 101 1
48 14 1
68 65 1
30 29 1
34 64 1
101 104 1
67 24 1
100 80 1
29 76 1
53 70 1
100 39 1
86 97 1
52 49 1
42 11 1
28 42 1
32 45 1
38 87 1
99 71 1
28 89 1
85 24 1
32 156 1
89 93 1
71 21 1
27 147 1
28 200 1
122 31 1
175 11 1
51 25 1
37 22 1
212 12 1
23 52 1
121 78 1
84 70 1
121 63 1
36 48 1
97 38 1
26 106 1
46 105 1
103 72 1
69 72 1
73 13 1
31 140 1
126 10 1
35 73 1
96 105 1
25 35 1
45 96 1
120 95 1
49 101 1
106 94 1
31 29 1
129 13 1
206 13 1
68 22 1
72 81 1
54 65 1
58 12 1
115 85 1
105 47 1
81 54 1
67 103 1
30 121 1
24 178 1
81 71 1
191 14 1
53 41 1
63 64 1
104 15 1
29 80 1
33 21 1
29 193 1
52 102 1
113 80 1
119 94 1
66 70 1
52 21 1
113 33 1
28 14 1
32 73 1
71 104 1
65 55 1
32 184 1
37 10 1
98 40 1
23 88 1
26 172 1
64 23 1
117 109 1
50 22 1
70 93 1
22 144 1
23 201 1
117 30 1
103 31 1
79 86 1
207 13 1
59 10 1
120 12 1
49 48 1
31 96 1
35 101 1
82 56 1
102 63 1
25 168 1
48 71 1
176 12 1
30 187 1
68 10 1
72 77 1
54 45 1
115 49 1
105 11 1
30 202 1
34 25 1
101 95 1
30 85 1
63 23 1
33 64 1
161 11 1
53 13 1
114 45 1
80 101 1
100 104 1
29 52 1
33 49 1
86 62 1
170 13 1
62 55 1
123 39 1
38 12 1
99 14 1
28 18 1
85 111 1
32 85 1
27 170 1
28 129 1
32 196 1
51 32 1
37 93 1
98 93 1
118 24 1
27 91 1
155 14 1
122 87 1
51 81 1
37 46 1
84 15 1
70 46 1
23 124 1
26 128 1
117 65 1
22 188 1
26 51 1
46 54 1
36 72 1
97 110 1
83 47 1
55 45 1
25 106 1
116 45 1
45 23 1
120 40 1
102 72 1
31 68 1
96 17 1
25 27 1
25 132 1
105 86 1
68 110 1
125 11 1
72 105 1
115 13 1
30 38 1
34 61 1
24 123 1
67 63 1
87 32 1
171 13 1
29 103 1
104 56 1
53 97 1
114 81 1
80 65 1
29 24 1
104 71 1
62 64 1
66 31 1
29 137 1
52 94 1
180 11 1
113 24 1
156 12 1
38 40 1
65 78 1
32 113 1
89 64 1
71 48 1
98 97 1
47 40 1
88 55 1
94 13 1
23 19 1
64 32 1
50 79 1
70 10 1
23 128 1
117 37 1
64 95 1
36 29 1
22 88 1
97 25 1
103 39 1
79 14 1
31 171 1
55 49 1
96 78 1
31 56 1
35 61 1
96 61 1
72 54 1
48 15 1
54 21 1
24 40 1
87 87 1
34 65 1
100 81 1
63 47 1
29 75 1
53 69 1
110 14 1
80 45 1
100 32 1
86 102 1
28 43 1
32 46 1
95 13 1
99 70 1
28 90 1
85 39 1
27 146 1
28 201 1
47 95 1
175 10 1
51 24 1
37 21 1
118 64 1
212 13 1
121 77 1
84 71 1
23 164 1
117 57 1
121 62 1
36 49 1
22 100 1
97 37 1
26 107 1
46 110 1
69 55 1
73 12 1
126 11 1
35 72 1
55 21 1
25 34 1
116 101 1
82 85 1
45 95 1
120 96 1
102 16 1
31 28 1
106 95 1
129 12 1
68 23 1
54 70 1
58 13 1
105 46 1
81 53 1
67 102 1
34 101 1
24 179 1
81 70 1
53 40 1
43 14 1
29 47 1
53 89 1
29 192 1
52 103 1
113 87 1
62 24 1
119 89 1
66 71 1
52 22 1
113 32 1
99 21 1
28 15 1
32 74 1
89 15 1
27 193 1
65 54 1
32 185 1
118 61 1
122 48 1
88 64 1
98 41 1
74 14 1
23 91 1
64 104 1
121 105 1
50 23 1
22 145 1
23 200 1
117 29 1
103 30 1
36 85 1
97 65 1
79 81 1
207 12 1
103 111 1
59 13 1
120 13 1
49 55 1
31 99 1
106 32 1
82 57 1
176 13 1
30 184 1
68 11 1
72 78 1
115 48 1
44 12 1
105 10 1
34 22 1
24 96 1
81 17 1
101 94 1
30 90 1
87 31 1
63 22 1
33 71 1
161 10 1
53 12 1
80 102 1
100 105 1
63 103 1
29 51 1
33 48 1
66 56 1
29 164 1
123 73 1
86 63 1
170 10 1
119 61 1
123 38 1
38 13 1
99 49 1
65 97 1
28 19 1
85 110 1
32 86 1
71 79 1
28 130 1
27 90 1
118 25 1
47 23 1
51 80 1
37 45 1
192 10 1
70 47 1
22 194 1
26 129 1
117 64 1
26 48 1
83 65 1
46 55 1
36 73 1
22 44 1
97 109 1
79 53 1
83 46 1
69 15 1
25 105 1
116 46 1
120 41 1
45 22 1
102 73 1
31 71 1
55 93 1
25 26 1
116 93 1
82 29 1
25 139 1
30 148 1
105 85 1
68 111 1
125 10 1
54 14 1
30 39 1
24 124 1
67 62 1
171 12 1
104 57 1
29 102 1
53 96 1
39 13 1
114 78 1
100 13 1
29 23 1
104 72 1
62 65 1
29 136 1
123 85 1
52 95 1
113 31 1
156 13 1
38 41 1
99 45 1
65 77 1
32 114 1
89 71 1
27 137 1
51 63 1
118 101 1
122 104 1
88 56 1
23 18 1
64 33 1
70 11 1
23 131 1
64 80 1
121 33 1
36 30 1
22 89 1
97 24 1
26 20 1
83 93 1
103 38 1
36 109 1
187 11 1
31 170 1
55 48 1
96 79 1
82 110 1
120 69 1
31 59 1
96 62 1
72 55 1
105 49 1
24 41 1
87 86 1
34 94 1
24 88 1
81 89 1
63 46 1
29 74 1
104 21 1
33 15 1
80 46 1
100 33 1
66 96 1
86 103 1
28 36 1
32 47 1
38 85 1
95 12 1
99 73 1
65 41 1
28 91 1
85 38 1
71 23 1
28 202 1
47 94 1
122 29 1
88 101 1
118 65 1
212 14 1
64 13 1
84 64 1
22 138 1
117 56 1
121 61 1
26 104 1
46 111 1
69 54 1
25 33 1
116 102 1
120 97 1
45 94 1
102 17 1
31 31 1
48 93 1
68 16 1
54 71 1
58 10 1
115 87 1
105 45 1
101 57 1
67 105 1
24 180 1
81 69 1
53 55 1
29 46 1
53 88 1
86 16 1
52 96 1
113 86 1
62 25 1
119 88 1
123 29 1
52 23 1
113 39 1
85 73 1
32 75 1
89 14 1
99 101 1
27 192 1
65 53 1
32 186 1
27 113 1
122 49 1
88 65 1
145 14 1
98 38 1
23 90 1
26 170 1
64 105 1
121 104 1
46 24 1
103 25 1
36 86 1
97 64 1
79 80 1
26 76 1
83 21 1
103 110 1
59 12 1
45 49 1
120 14 1
49 54 1
31 98 1
106 33 1
35 103 1
82 54 1
102 61 1
176 14 1
30 185 1
72 79 1
44 13 1
30 200 1
34 23 1
24 97 1
81 16 1
101 93 1
67 69 1
30 91 1
87 30 1
24 144 1
63 17 1
33 70 1
53 11 1
80 103 1
63 102 1
29 50 1
104 109 1
33 55 1
66 57 1
29 163 1
123 72 1
170 11 1
62 53 1
123 57 1
99 48 1
65 96 1
28 108 1
85 109 1
32 87 1
71 78 1
75 11 1
27 172 1
65 17 1
28 131 1
118 30 1
47 22 1
122 85 1
88 93 1
192 11 1
22 195 1
117 79 1
50 56 1
22 178 1
26 49 1
83 64 1
103 61 1
83 49 1
31 177 1
69 14 1
55 47 1
116 47 1
25 104 1
45 21 1
102 78 1
31 70 1
25 25 1
116 94 1
25 138 1
48 101 1
68 104 1
54 15 1
115 15 1
30 36 1
87 77 1
67 33 1
63 53 1
29 101 1
53 111 1
39 12 1
114 79 1
100 14 1
104 73 1
29 22 1
62 70 1
66 29 1
86 88 1
52 88 1
113 30 1
156 14 1
38 46 1
28 112 1
32 115 1
89 70 1
27 136 1
47 69 1
51 62 1
27 57 1
122 105 1
88 57 1
84 45 1
50 77 1
23 130 1
64 81 1
121 32 1
36 31 1
97 31 1
46 80 1
103 33 1
69 81 1
36 110 1
187 10 1
96 64 1
25 68 1
82 111 1
120 70 1
31 58 1
35 63 1
96 63 1
68 61 1
196 10 1
72 56 1
105 48 1
24 42 1
87 81 1
34 95 1
24 89 1
81 88 1
67 29 1
24 200 1
63 41 1
104 22 1
29 73 1
33 14 1
110 12 1
80 47 1
66 97 1
28 37 1
32 32 1
89 49 1
99 72 1
65 40 1
28 84 1
85 37 1
71 22 1
27 148 1
47 89 1
88 102 1
118 70 1
88 21 1
23 49 1
64 14 1
84 65 1
22 139 1
22 122 1
26 105 1
103 69 1
69 53 1
31 137 1
55 23 1
116 103 1
25 32 1
45 93 1
102 22 1
106 93 1
31 30 1
48 94 1
68 17 1
58 11 1
115 86 1
48 45 1
101 56 1
67 104 1
30 124 1
191 11 1
53 54 1
63 77 1
29 45 1
86 17 1
52 97 1
113 85 1
62 30 1
66 69 1
52 16 1
113 38 1
99 23 1
85 72 1
32 76 1
89 13 1
71 101 1
27 195 1
28 184 1
85 57 1
32 187 1
27 112 1
122 62 1
145 13 1
37 55 1
98 39 1
74 12 1
26 171 1
121 111 1
84 101 1
50 21 1
70 80 1
23 202 1
46 25 1
103 24 1
36 87 1
97 71 1
207 14 1
103 105 1
69 41 1
45 48 1
120 15 1
49 53 1
106 46 1
31 109 1
35 102 1
25 60 1
82 55 1
45 65 1
54 32 1
44 14 1
30 201 1
24 98 1
81 23 1
30 88 1
87 25 1
24 145 1
63 16 1
33 69 1
53 10 1
114 40 1
80 88 1
63 97 1
29 49 1
104 110 1
33 54 1
66 54 1
29 162 1
86 61 1
52 69 1
119 63 1
123 56 1
65 103 1
28 109 1
32 104 1
89 105 1
71 73 1
75 10 1
65 16 1
28 156 1
51 37 1
98 88 1
27 92 1
118 31 1
47 17 1
88 94 1
192 12 1
70 45 1
22 192 1
23 121 1
117 78 1
121 11 1
50 57 1
22 179 1
46 53 1
140 10 1
22 34 1
79 55 1
83 48 1
177 11 1
31 176 1
69 13 1
55 46 1
116 40 1
102 79 1
49 81 1
31 65 1
55 95 1
25 24 1
116 95 1
72 29 1
115 97 1
25 137 1
48 102 1
30 154 1
68 105 1
54 12 1
115 14 1
30 37 1
34 56 1
67 32 1
87 61 1
171 14 1
29 100 1
33 97 1
53 110 1
100 15 1
29 21 1
62 71 1
123 87 1
86 89 1
52 89 1
113 29 1
38 47 1
99 47 1
28 113 1
32 116 1
89 69 1
71 45 1
27 139 1
27 56 1
47 53 1
23 44 1
84 46 1
121 39 1
36 24 1
97 30 1
26 18 1
83 95 1
46 81 1
103 32 1
69 80 1
36 111 1
187 13 1
31 148 1
35 81 1
96 65 1
25 75 1
120 71 1
31 37 1
106 102 1
35 62 1
96 48 1
68 62 1
196 11 1
72 57 1
172 12 1
105 55 1
68 77 1
24 43 1
87 80 1
24 90 1
81 95 1
24 201 1
63 40 1
104 23 1
29 72 1
33 13 1
110 13 1
80 32 1
86 10 1
86 101 1
52 61 1
113 57 1
28 38 1
32 33 1
89 48 1
95 14 1
65 47 1
28 85 1
32 144 1
71 17 1
28 196 1
47 88 1
88 103 1
51 29 1
118 71 1
88 22 1
23 48 1
64 15 1
50 110 1
22 136 1
23 161 1
22 123 1
46 109 1
31 136 1
126 14 1
35 77 1
55 22 1
96 109 1
116 96 1
82 80 1
102 23 1
31 25 1
25 208 1
48 95 1
72 85 1
54 69 1
115 89 1
48 46 1
111 13 1
101 39 1
34 96 1
191 10 1

34 7 0
14 17 0
14 74 0
55 5 0
36 6 0
15 89 0
16 9 0
17 7 0
37 7 0
12 89 0
11 73 0
15 74 0
13 17 0
20 7 0
11 90 0
16 90 0
15 50 0
22 6 0
21 6 0
104 6 0
16 50 0
13 32 0
105 7 0
11 48 0
12 40 0
13 98 0
14 80 0
88 7 0
12 64 0
14 18 0
13 58 0
89 6 0
86 5 0
16 65 0
90 5 0
12 17 0
15 73 0
16 25 0
13 73 0
73 5 0
11 89 0
15 49 0
12 34 0
11 42 0
15 34 0
11 104 0
15 96 0
14 24 0
13 48 0
12 56 0
14 64 0
12 80 0
85 6 0
86 6 0
90 6 0
13 10 0
72 5 0
87 7 0
16 81 0
14 49 0
70 7 0
69 5 0
51 6 0
12 97 0
16 41 0
13 89 0
11 98 0
11 41 0
56 6 0
71 6 0
15 33 0
12 50 0
11 58 0
13 104 0
12 74 0
15 16 0
14 8 0
38 5 0
12 8 0
11 16 0
16 16 0
13 66 0
68 5 0
14 50 0
13 26 0
51 5 0
16 97 0
14 33 0
71 5 0
11 97 0
52 6 0
16 57 0
13 41 0
11 57 0
53 7 0
15 26 0
11 10 0
36 7 0
15 88 0
16 10 0
17 6 0
38 6 0
11 72 0
19 7 0
37 6 0
16 72 0
18 5 0
14 56 0
13 16 0
12 24 0
39 7 0
12 90 0
16 32 0
22 7 0
21 5 0
104 7 0
13 82 0
14 96 0
14 34 0
105 6 0
12 41 0
102 5 0
107 7 0
13 97 0
106 5 0
12 65 0
14 81 0
15 25 0
13 57 0
11 66 0
11 9 0
89 5 0
16 66 0
15 10 0
12 18 0
11 26 0
18 6 0
15 72 0
16 26 0
13 72 0
20 5 0
11 88 0
16 88 0
15 48 0
14 40 0
12 104 0
16 48 0
13 34 0
102 6 0
14 25 0
106 6 0
88 5 0
14 82 0
103 7 0
12 57 0
14 65 0
11 65 0
12 81 0
85 5 0
86 7 0
15 9 0
90 7 0
13 9 0
87 6 0
11 25 0
11 82 0
16 82 0
15 58 0
73 7 0
72 6 0
12 98 0
16 42 0
56 7 0
13 88 0
12 32 0
11 40 0
16 104 0
15 32 0
14 88 0
54 5 0
14 26 0
13 50 0
14 9 0
14 66 0
12 9 0
15 81 0
16 17 0
13 65 0
11 81 0
87 5 0
68 6 0
15 66 0
15 57 0
13 25 0
11 34 0
69 7 0
16 98 0
15 42 0
11 96 0
52 7 0
15 104 0
16 58 0
13 40 0
12 48 0
54 6 0
35 7 0
53 6 0
11 56 0
34 5 0
14 72 0
55 7 0
12 72 0
17 5 0
14 10 0
38 7 0
37 5 0
19 6 0
16 73 0
14 57 0
39 6 0
12 25 0
15 65 0
16 33 0
13 81 0
14 97 0
11 33 0
15 41 0
105 5 0
11 50 0
12 42 0
13 96 0
107 6 0
12 66 0
34 6 0
15 24 0
14 16 0
13 56 0
36 5 0
11 8 0
16 8 0
12 88 0
18 7 0
19 5 0
14 58 0
13 18 0
20 6 0
15 82 0
39 5 0
16 89 0
14 41 0
14 98 0
104 5 0
21 7 0
16 49 0
13 33 0
11 49 0
102 7 0
15 98 0
107 5 0
106 7 0
88 6 0
103 6 0
12 58 0
89 7 0
11 64 0
12 82 0
16 64 0
15 8 0
72 7 0
12 16 0
13 8 0
11 24 0
16 24 0
13 74 0
14 104 0
70 5 0
73 6 0
14 42 0
12 33 0
14 89 0
15 97 0
13 49 0
103 5 0
15 18 0
12 10 0
11 18 0
85 7 0
15 80 0
16 18 0
13 64 0
11 80 0
68 7 0
16 80 0
15 56 0
14 48 0
13 24 0
12 96 0
70 6 0
51 7 0
69 6 0
16 40 0
13 90 0
71 7 0
56 5 0
14 90 0
54 7 0
53 5 0
35 6 0
12 49 0
14 73 0
55 6 0
12 73 0
15 90 0
15 17 0
11 74 0
11 17 0
16 74 0
12 26 0
15 64 0
16 34 0
22 5 0
13 80 0
11 32 0
16 96 0
15 40 0
14 32 0
52 5 0
16 56 0
13 42 0
35 5 0

34 7 0
14 17 0
14 74 0
55 5 0
36 6 0
15 89 0
16 9 0
17 7 0
37 7 0
12 89 0
11 73 0
15 74 0
13 17 0
20 7 0
11 90 0
16 90 0
15 50 0
22 6 0
21 6 0
104 6 0
16 50 0
13 32 0
105 7 0
11 48 0
12 40 0
13 98 0
14 80 0
88 7 0
12 64 0
14 18 0
13 58 0
89 6 0
86 5 0
16 65 0
90 5 0
12 17 0
15 73 0
16 25 0
13 73 0
73 5 0
11 89 0
15 49 0
12 34 0
11 42 0
15 34 0
11 104 0
15 96 0
14 24 0
13 48 0
12 56 0
14 64 0
12 80 0
85 6 0
86 6 0
90 6 0
13 10 0
72 5 0
87 7 0
16 81 0
14 49 0
70 7 0
69 5 0
51 6 0
12 97 0
16 41 0
13 89 0
11 98 0
11 41 0
56 6 0
71 6 0
15 33 0
12 50 0
11 58 0
13 104 0
12 74 0
15 16 0
14 8 0
38 5 0
12 8 0
11 16 0
16 16 0
13 66 0
68 5 0
14 50 0
13 26 0
51 5 0
16 97 0
14 33 0
71 5 0
11 97 0
52 6 0
16 57 0
13 41 0
11 57 0
53 7 0
15 26 0
11 10 0
36 7 0
15 88 0
16 10 0
17 6 0
38 6 0
11 72 0
19 7 0
37 6 0
16 72 0
18 5 0
14 56 0
13 16 0
12 24 0
39 7 0
12 90 0
16 32 0
22 7 0
21 5 0
104 7 0
13 82 0
14 96 0
14 34 0
105 6 0
12 41 0
102 5 0
107 7 0
13 97 0
106 5 0
12 65 0
14 81 0
15 25 0
13 57 0
11 66 0
11 9 0
89 5 0
16 66 0
15 10 0
12 18 0
11 26 0
18 6 0
15 72 0
16 26 0
13 72 0
20 5 0
11 88 0
16 88 0
15 48 0
14 40 0
12 104 0
16 48 0
13 34 0
102 6 0
14 25 0
106 6 0
88 5 0
14 82 0
103 7 0
12 57 0
14 65 0
11 65 0
12 81 0
85 5 0
86 7 0
15 9 0
90 7 0
13 9 0
87 6 0
11 25 0
11 82 0
16 82 0
15 58 0
73 7 0
72 6 0
12 98 0
16 42 0
56 7 0
13 88 0
12 32 0
11 40 0
16 104 0
15 32 0
14 88 0
54 5 0
14 26 0
13 50 0
14 9 0
14 66 0
12 9 0
15 81 0
16 17 0
13 65 0
11 81 0
87 5 0
68 6 0
15 66 0
15 57 0
13 25 0
11 34 0
69 7 0
16 98 0
15 42 0
11 96 0
52 7 0
15 104 0
16 58 0
13 40 0
12 48 0
54 6 0
35 7 0
53 6 0
11 56 0
34 5 0
14 72 0
55 7 0
12 72 0
17 5 0
14 10 0
38 7 0
37 5 0
19 6 0
16 73 0
14 57 0
39 6 0
12 25 0
15 65 0
16 33 0
13 81 0
14 97 0
11 33 0
15 41 0
105 5 0
11 50 0
12 42 0
13 96 0
107 6 0
12 66 0
34 6 0
15 24 0
14 16 0
13 56 0
36 5 0
11 8 0
16 8 0
12 88 0
18 7 0
19 5 0
14 58 0
13 18 0
20 6 0
15 82 0
39 5 0
16 89 0
14 41 0
14 98 0
104 5 0
21 7 0
16 49 0
13 33 0
11 49 0
102 7 0
15 98 0
107 5 0
106 7 0
88 6 0
103 6 0
12 58 0
89 7 0
11 64 0
12 82 0
16 64 0
15 8 0
72 7 0
12 16 0
13 8 0
11 24 0
16 24 0
13 74 0
14 104 0
70 5 0
73 6 0
14 42 0
12 33 0
14 89 0
15 97 0
13 49 0
103 5 0
15 18 0
12 10 0
11 18 0
85 7 0
15 80 0
16 18 0
13 64 0
11 80 0
68 7 0
16 80 0
15 56 0
14 48 0
13 24 0
12 96 0
70 6 0
51 7 0
69 6 0
16 40 0
13 90 0
71 7 0
56 5 0
14 90 0
54 7 0
53 5 0
35 6 0
12 49 0
14 73 0
55 6 0
12 73 0
15 90 0
15 17 0
11 74 0
11 17 0
16 74 0
12 26 0
15 64 0
16 34 0
22 5 0
13 80 0
11 32 0
16 96 0
15 40 0
14 32 0
52 5 0
16 56 0
13 42 0
35 5 0

