63 76 1
67 137 1
157 23 1
124 110 1
143 36 1
190 65 1
194 28 1
143 85 1
56 101 1
53 215 1
113 84 1
132 218 1
80 155 1
66 66 1
123 31 1
86 129 1
223 40 1
227 45 1
65 154 1
193 77 1
156 119 1
85 87 1
95 98 1
98 194 1
118 129 1
85 56 1
51 200 1
118 48 1
84 128 1
47 124 1
122 63 1
51 121 1
98 36 1
212 44 1
178 76 1
64 107 1
140 144 1
70 81 1
225 24 1
117 26 1
211 93 1
140 103 1
69 135 1
231 38 1
73 92 1
79 82 1
117 139 1
102 209 1
103 104 1
69 40 1
73 45 1
130 188 1
224 79 1
79 195 1
210 110 1
83 132 1
102 160 1
49 52 1
230 117 1
106 47 1
163 60 1
92 78 1
116 68 1
82 52 1
120 127 1
196 60 1
129 109 1
115 132 1
48 123 1
72 113 1
54 33 1
58 44 1
152 41 1
78 171 1
162 94 1
91 44 1
54 208 1
78 218 1
152 88 1
63 130 1
138 215 1
67 71 1
105 152 1
87 24 1
91 93 1
134 171 1
87 137 1
57 78 1
104 111 1
52 215 1
133 114 1
137 119 1
119 137 1
133 131 1
62 59 1
136 185 1
137 192 1
99 50 1
62 138 1
213 38 1
51 183 1
89 104 1
71 72 1
95 70 1
99 131 1
47 163 1
175 94 1
112 22 1
131 156 1
222 95 1
169 81 1
61 67 1
88 95 1
112 101 1
94 21 1
61 180 1
188 57 1
46 203 1
127 36 1
221 63 1
154 104 1
83 66 1
46 58 1
174 111 1
103 63 1
50 137 1
197 54 1
144 78 1
55 184 1
93 101 1
221 80 1
97 98 1
83 51 1
55 41 1
220 104 1
187 81 1
153 33 1
135 145 1
72 143 1
126 70 1
220 31 1
45 164 1
176 93 1
96 132 1
78 20 1
206 73 1
44 92 1
172 41 1
176 44 1
209 52 1
138 120 1
87 79 1
128 62 1
111 69 1
77 117 1
81 114 1
209 69 1
101 127 1
228 118 1
67 176 1
110 118 1
143 28 1
80 212 1
62 68 1
190 25 1
66 27 1
194 68 1
56 29 1
113 28 1
132 146 1
227 20 1
66 138 1
86 201 1
203 111 1
95 21 1
223 96 1
227 101 1
65 66 1
193 53 1
95 186 1
98 138 1
189 33 1
118 201 1
155 113 1
112 50 1
94 102 1
95 203 1
226 38 1
118 120 1
84 184 1
122 119 1
47 52 1
108 70 1
64 36 1
84 47 1
212 100 1
140 201 1
178 20 1
74 69 1
97 172 1
64 83 1
174 24 1
140 88 1
70 153 1
130 66 1
225 64 1
207 80 1
117 210 1
211 21 1
121 151 1
140 47 1
69 95 1
231 110 1
73 20 1
82 218 1
173 49 1
102 153 1
103 176 1
177 54 1
96 66 1
59 54 1
224 119 1
79 187 1
120 72 1
83 188 1
102 104 1
49 124 1
68 168 1
106 103 1
230 61 1
210 54 1
92 54 1
129 36 1
116 188 1
120 183 1
48 180 1
139 79 1
68 63 1
196 116 1
129 85 1
58 117 1
115 124 1
81 188 1
101 177 1
152 97 1
229 93 1
105 199 1
195 69 1
91 20 1
54 152 1
63 218 1
67 31 1
161 70 1
87 192 1
57 21 1
208 103 1
63 43 1
104 24 1
87 177 1
53 65 1
100 44 1
119 192 1
104 167 1
214 60 1
52 143 1
180 68 1
76 53 1
133 74 1
100 179 1
137 143 1
119 113 1
85 193 1
223 55 1
136 113 1
213 109 1
89 55 1
146 86 1
75 68 1
99 74 1
122 169 1
169 24 1
61 26 1
47 91 1
122 24 1
88 104 1
175 22 1
71 161 1
112 94 1
131 212 1
222 23 1
61 139 1
88 23 1
74 22 1
60 69 1
192 117 1
121 81 1
50 111 1
60 52 1
154 49 1
231 61 1
93 60 1
221 103 1
83 122 1
46 114 1
103 71 1
106 185 1
187 40 1
153 104 1
230 78 1
106 200 1
159 70 1
220 80 1
153 25 1
45 91 1
72 199 1
115 171 1
176 101 1
125 94 1
78 76 1
44 36 1
158 36 1
205 119 1
138 48 1
87 119 1
114 179 1
77 61 1
171 56 1
134 204 1
171 73 1
67 136 1
110 46 1
204 23 1
194 29 1
123 161 1
86 23 1
143 84 1
56 102 1
113 75 1
80 156 1
62 28 1
66 67 1
113 36 1
132 106 1
227 44 1
193 76 1
156 112 1
71 103 1
203 55 1
95 109 1
98 195 1
175 69 1
179 62 1
222 96 1
131 163 1
98 178 1
61 62 1
189 105 1
118 49 1
155 57 1
84 129 1
51 120 1
112 122 1
94 62 1
212 45 1
178 77 1
64 108 1
46 172 1
84 103 1
140 145 1
107 78 1
97 212 1
225 31 1
211 92 1
174 80 1
140 96 1
117 138 1
69 23 1
73 44 1
224 64 1
79 194 1
82 162 1
173 121 1
102 161 1
49 43 1
139 169 1
224 63 1
120 128 1
102 48 1
49 132 1
196 61 1
129 108 1
186 119 1
48 124 1
68 119 1
196 76 1
58 45 1
115 52 1
81 132 1
101 201 1
54 209 1
152 89 1
105 159 1
195 29 1
91 92 1
191 41 1
138 167 1
67 215 1
157 73 1
124 28 1
87 136 1
57 77 1
80 90 1
208 47 1
63 99 1
104 80 1
52 208 1
53 185 1
170 103 1
119 136 1
66 52 1
214 100 1
52 71 1
180 60 1
133 130 1
119 57 1
137 199 1
62 139 1
213 37 1
89 111 1
99 130 1
47 162 1
51 39 1
145 94 1
169 80 1
61 66 1
64 170 1
122 80 1
88 32 1
112 102 1
131 44 1
61 179 1
88 207 1
127 86 1
74 46 1
117 76 1
50 55 1
154 105 1
46 59 1
231 69 1
197 53 1
93 100 1
83 50 1
103 143 1
55 40 1
220 105 1
59 45 1
187 80 1
116 42 1
153 32 1
135 144 1
83 163 1
230 22 1
159 30 1
72 176 1
55 89 1
220 24 1
135 33 1
45 163 1
176 94 1
72 31 1
58 94 1
115 99 1
78 21 1
176 45 1
105 89 1
78 132 1
134 106 1
138 121 1
111 68 1
77 116 1
205 63 1
209 68 1
138 200 1
87 63 1
134 148 1
114 74 1
204 95 1
136 199 1
194 69 1
123 105 1
86 95 1
89 169 1
109 86 1
56 30 1
132 147 1
62 212 1
66 139 1
160 76 1
142 76 1
95 20 1
132 34 1
227 100 1
193 52 1
71 47 1
98 139 1
189 32 1
155 112 1
179 118 1
112 51 1
222 56 1
95 202 1
98 122 1
61 102 1
118 121 1
84 185 1
112 130 1
188 111 1
84 40 1
212 101 1
50 72 1
178 21 1
97 163 1
64 84 1
174 25 1
140 89 1
107 22 1
144 28 1
130 67 1
97 28 1
225 71 1
79 100 1
211 20 1
140 40 1
55 159 1
173 48 1
177 53 1
159 109 1
163 102 1
96 67 1
79 186 1
82 106 1
120 73 1
173 65 1
102 105 1
49 115 1
68 169 1
129 59 1
96 50 1
44 178 1
120 184 1
49 204 1
68 56 1
196 117 1
54 127 1
129 84 1
186 47 1
81 179 1
101 176 1
68 79 1
162 20 1
128 108 1
81 204 1
229 92 1
67 113 1
195 68 1
54 153 1
114 140 1
161 69 1
57 20 1
208 88 1
63 42 1
191 97 1
104 25 1
67 175 1
157 49 1
124 68 1
161 54 1
90 84 1
53 64 1
87 176 1
80 34 1
194 54 1
104 168 1
214 61 1
52 136 1
180 69 1
76 54 1
170 63 1
100 188 1
119 112 1
66 124 1
85 192 1
52 63 1
133 218 1
65 188 1
85 177 1
213 108 1
223 71 1
179 37 1
169 31 1
99 218 1
47 90 1
122 25 1
88 105 1
51 31 1
108 20 1
71 160 1
145 38 1
61 138 1
64 146 1
88 24 1
131 100 1
60 70 1
192 118 1
121 80 1
88 135 1
107 101 1
127 110 1
74 102 1
60 53 1
121 193 1
231 60 1
69 161 1
207 55 1
46 115 1
153 111 1
103 215 1
106 201 1
92 100 1
220 81 1
59 85 1
116 98 1
153 24 1
45 90 1
48 194 1
106 88 1
72 200 1
186 80 1
115 170 1
78 34 1
206 23 1
135 105 1
176 102 1
125 93 1
72 87 1
58 22 1
115 91 1
78 77 1
158 37 1
134 50 1
138 49 1
77 60 1
138 128 1
171 72 1
100 114 1
143 38 1
133 28 1
190 71 1
119 167 1
137 89 1
123 160 1
113 74 1
204 103 1
132 196 1
136 159 1
86 135 1
109 30 1
203 89 1
132 107 1
156 113 1
160 116 1
113 180 1
95 108 1
118 135 1
175 68 1
131 162 1
222 97 1
98 179 1
61 61 1
189 104 1
155 56 1
175 53 1
112 123 1
131 51 1
98 34 1
212 46 1
141 86 1
112 202 1
188 23 1
84 96 1
70 87 1
46 28 1
174 81 1
140 97 1
144 100 1
97 68 1
79 92 1
102 215 1
55 199 1
130 186 1
224 65 1
187 55 1
82 163 1
210 108 1
173 120 1
135 175 1
139 168 1
49 42 1
159 37 1
163 62 1
224 48 1
82 50 1
120 129 1
102 49 1
139 57 1
49 187 1
196 62 1
129 99 1
78 62 1
44 122 1
172 71 1
68 112 1
196 77 1
54 39 1
129 156 1
101 200 1
162 92 1
91 46 1
128 84 1
63 140 1
101 89 1
67 73 1
195 28 1
114 212 1
171 39 1
228 92 1
191 40 1
157 72 1
124 29 1
53 23 1
57 76 1
80 91 1
208 32 1
63 98 1
104 81 1
52 209 1
53 184 1
86 48 1
214 101 1
52 64 1
180 61 1
65 203 1
119 56 1
66 164 1
95 51 1
99 52 1
65 100 1
85 105 1
213 36 1
51 185 1
179 29 1
145 93 1
169 87 1
64 171 1
122 81 1
88 33 1
51 87 1
108 92 1
61 178 1
64 218 1
178 110 1
88 208 1
70 32 1
117 75 1
107 45 1
127 38 1
130 124 1
83 68 1
103 57 1
50 135 1
69 121 1
197 52 1
231 68 1
163 77 1
59 44 1
116 43 1
153 39 1
83 162 1
72 177 1
126 68 1
92 44 1
55 88 1
220 25 1
116 90 1
45 162 1
48 138 1
135 32 1
115 98 1
78 26 1
206 79 1
176 46 1
105 88 1
72 111 1
134 107 1
87 73 1
138 201 1
87 175 1
110 116 1
114 75 1
214 22 1
143 30 1
204 88 1
170 88 1
133 84 1
136 200 1
190 31 1
62 74 1
119 111 1
137 145 1
123 104 1
89 168 1
109 85 1
132 156 1
136 87 1
227 22 1
160 77 1
86 207 1
142 77 1
203 97 1
132 35 1
62 164 1
95 164 1
189 63 1
118 207 1
71 191 1
112 52 1
94 100 1
222 57 1
98 123 1
61 101 1
226 36 1
112 131 1
188 104 1
84 41 1
212 102 1
50 73 1
127 117 1
97 162 1
70 159 1
144 29 1
46 84 1
140 41 1
173 47 1
102 159 1
177 52 1
159 108 1
96 68 1
82 107 1
210 52 1
173 64 1
49 114 1
129 58 1
96 51 1
206 56 1
44 179 1
172 120 1
120 185 1
139 65 1
68 57 1
49 195 1
196 118 1
129 171 1
96 162 1
78 118 1
81 178 1
44 66 1
101 191 1
68 72 1
162 21 1
128 109 1
129 196 1
205 81 1
81 195 1
209 22 1
67 112 1
91 22 1
128 28 1
81 92 1
63 196 1
161 68 1
114 28 1
208 89 1
171 111 1
228 20 1
191 96 1
157 48 1
124 69 1
161 53 1
90 85 1
53 79 1
80 35 1
104 169 1
123 135 1
52 137 1
180 70 1
56 76 1
80 178 1
85 207 1
86 120 1
52 56 1
223 49 1
65 179 1
193 102 1
85 176 1
146 84 1
75 70 1
99 76 1
118 184 1
65 44 1
122 183 1
85 33 1
179 36 1
98 172 1
155 95 1
179 85 1
108 21 1
145 37 1
64 147 1
88 25 1
74 20 1
121 87 1
88 136 1
178 54 1
70 104 1
107 100 1
60 54 1
154 63 1
121 192 1
69 160 1
130 36 1
79 123 1
117 180 1
83 124 1
121 177 1
103 65 1
106 167 1
69 49 1
73 54 1
82 188 1
139 143 1
230 76 1
92 101 1
59 84 1
116 99 1
153 31 1
48 195 1
106 89 1
72 201 1
92 20 1
186 81 1
78 35 1
116 146 1
135 104 1
48 82 1
125 92 1
72 88 1
54 88 1
115 90 1
78 82 1
134 51 1
105 161 1
87 113 1
134 194 1
191 55 1
138 129 1
100 115 1
110 44 1
133 27 1
100 194 1
137 88 1
214 94 1
143 86 1
204 96 1
133 172 1
136 128 1
119 87 1
137 169 1
109 29 1
203 88 1
113 218 1
132 84 1
99 27 1
136 111 1
227 46 1
160 117 1
71 97 1
113 171 1
203 41 1
61 60 1
189 103 1
118 55 1
175 52 1
71 135 1
112 124 1
94 60 1
131 50 1
98 35 1
192 36 1
141 85 1
112 203 1
131 67 1
46 178 1
84 97 1
211 94 1
144 101 1
93 30 1
221 73 1
97 91 1
130 187 1
79 204 1
210 109 1
173 119 1
102 167 1
45 44 1
159 36 1
55 119 1
224 49 1
82 51 1
135 63 1
139 56 1
49 186 1
129 98 1
206 112 1
44 123 1
172 64 1
68 113 1
196 78 1
129 147 1
162 93 1
128 85 1
54 215 1
77 78 1
205 25 1
209 94 1
101 88 1
67 72 1
91 94 1
63 28 1
228 93 1
157 71 1
124 30 1
114 36 1
80 92 1
208 33 1
228 44 1
53 135 1
190 96 1
66 50 1
123 79 1
86 49 1
52 65 1
180 62 1
65 202 1
156 39 1
85 135 1
86 160 1
142 118 1
95 50 1
65 123 1
193 46 1
66 212 1
85 104 1
51 184 1
95 67 1
99 132 1
47 172 1
51 41 1
179 28 1
145 92 1
98 84 1
64 172 1
84 167 1
108 93 1
88 209 1
70 33 1
74 44 1
117 74 1
64 74 1
140 183 1
69 215 1
107 44 1
70 176 1
225 57 1
207 121 1
154 119 1
103 56 1
69 120 1
79 51 1
83 52 1
103 137 1
163 76 1
116 52 1
82 132 1
120 47 1
230 20 1
68 183 1
139 215 1
126 69 1
92 45 1
116 91 1
48 139 1
129 78 1
58 92 1
78 27 1
116 202 1
48 26 1
105 95 1
78 138 1
229 38 1
138 103 1
87 72 1
111 70 1
63 163 1
87 57 1
134 138 1
191 79 1
104 63 1
110 117 1
204 89 1
170 89 1
133 83 1
62 75 1
100 154 1
137 144 1
136 201 1
89 175 1
109 84 1
136 88 1
62 218 1
119 31 1
213 86 1
160 78 1
75 93 1
203 96 1
95 22 1
132 44 1
99 83 1
136 39 1
227 102 1
122 144 1
47 211 1
89 73 1
71 41 1
169 33 1
112 53 1
94 101 1
61 100 1
226 37 1
118 127 1
112 132 1
188 105 1
192 108 1
127 116 1
174 31 1
144 30 1
83 99 1
211 22 1
50 168 1
55 153 1
93 70 1
126 22 1
220 79 1
79 132 1
45 116 1
210 53 1
102 111 1
96 52 1
206 57 1
44 172 1
172 121 1
139 64 1
49 194 1
129 170 1
96 163 1
44 67 1
68 73 1
128 110 1
205 80 1
81 194 1
209 21 1
134 84 1
195 70 1
158 94 1
128 29 1
54 159 1
114 138 1
77 22 1
205 33 1
81 83 1
228 21 1
63 84 1
67 145 1
124 70 1
161 52 1
114 108 1
80 36 1
194 52 1
56 77 1
80 179 1
190 56 1
66 122 1
123 119 1
86 121 1
52 57 1
56 60 1
223 48 1
227 53 1
65 178 1
193 101 1
156 111 1
85 191 1
142 46 1
146 85 1
223 65 1
118 185 1
65 35 1
193 22 1
85 32 1
95 155 1
226 86 1
118 40 1
47 100 1
122 39 1
51 97 1
179 84 1
108 22 1
145 36 1
98 28 1
64 148 1
212 20 1
74 21 1
88 137 1
70 105 1
74 100 1
211 69 1
121 199 1
140 127 1
69 175 1
231 62 1
225 97 1
79 122 1
117 179 1
207 49 1
121 176 1
103 64 1
69 48 1
73 53 1
130 212 1
102 184 1
230 77 1
103 209 1
106 55 1
92 102 1
116 108 1
82 76 1
120 103 1
48 196 1
139 31 1
68 143 1
92 21 1
115 172 1
116 147 1
48 83 1
72 89 1
54 89 1
58 20 1
78 83 1
48 34 1
105 23 1
162 54 1
54 200 1
152 64 1
78 194 1
138 63 1
67 111 1
105 160 1
87 112 1
91 117 1
134 195 1
53 49 1
57 54 1
100 124 1
104 119 1
90 54 1
110 45 1
133 26 1
100 195 1
137 95 1
119 161 1
76 84 1
204 97 1
133 171 1
136 129 1
137 168 1
109 28 1
146 38 1
99 26 1
62 146 1
160 118 1
71 96 1
75 101 1
113 170 1
203 40 1
95 110 1
99 107 1
122 200 1
47 139 1
175 70 1
131 164 1
222 103 1
169 121 1
61 59 1
88 71 1
94 61 1
61 172 1
192 37 1
141 84 1
112 204 1
131 66 1
60 100 1
192 84 1
46 179 1
46 34 1
174 87 1
103 23 1
197 94 1
144 102 1
93 29 1
221 72 1
97 90 1
83 27 1
106 152 1
55 193 1
187 73 1
153 73 1
135 169 1
45 43 1
72 151 1
126 46 1
220 55 1
45 188 1
102 55 1
78 60 1
206 113 1
44 116 1
172 65 1
135 79 1
129 146 1
138 64 1
128 86 1
111 45 1
77 77 1
205 24 1
209 93 1
134 28 1
101 71 1
195 30 1
114 210 1
171 25 1
228 94 1
110 94 1
228 45 1
63 108 1
123 209 1
190 97 1
66 51 1
113 116 1
132 186 1
156 32 1
66 162 1
123 63 1
86 161 1
203 71 1
95 61 1
227 77 1
65 122 1
193 45 1
156 87 1
85 119 1
95 66 1
189 25 1
155 105 1
51 40 1
95 211 1
226 30 1
84 160 1
122 95 1
47 28 1
51 89 1
108 94 1
84 23 1
212 76 1
178 108 1
74 45 1
97 132 1
64 75 1
140 176 1
70 177 1
130 122 1
225 56 1
207 120 1
231 70 1
69 103 1
70 192 1
79 50 1
103 136 1
130 156 1
59 46 1
224 111 1
79 163 1
120 48 1
83 164 1
102 64 1
49 84 1
68 176 1
230 21 1
210 78 1
92 46 1
116 164 1
120 159 1
48 140 1
139 39 1
68 199 1
196 28 1
129 77 1
58 93 1
115 100 1
116 203 1
101 153 1
48 27 1
78 139 1
229 37 1
195 109 1
54 176 1
63 162 1
67 39 1
87 56 1
134 139 1
63 51 1
104 32 1
87 169 1
53 105 1
57 110 1
100 52 1
104 79 1
214 20 1
52 183 1
180 108 1
133 82 1
100 155 1
119 105 1
137 151 1
136 89 1
213 85 1
146 110 1
75 92 1
99 82 1
62 170 1
136 40 1
122 145 1
47 210 1
51 151 1
89 72 1
71 40 1
75 45 1
169 32 1
99 163 1
47 67 1
71 185 1
112 54 1
222 63 1
61 99 1
88 63 1
61 212 1
192 109 1
50 71 1
60 44 1
231 21 1
221 31 1
154 72 1
83 98 1
46 90 1
103 95 1
50 169 1
197 22 1
55 152 1
93 69 1
83 211 1
106 208 1
159 110 1
220 72 1
187 113 1
45 115 1
72 175 1
126 102 1
115 211 1
45 132 1
96 164 1
78 116 1
44 60 1
129 218 1
205 79 1
209 20 1
138 24 1
87 111 1
128 30 1
111 101 1
114 139 1
77 21 1
205 32 1
81 82 1
114 26 1
171 97 1
228 22 1
67 144 1
110 22 1
194 53 1
123 153 1
56 78 1
80 180 1
62 100 1
190 57 1
66 123 1
56 61 1
113 60 1
132 114 1
227 52 1
193 100 1
156 104 1
71 127 1
95 117 1
223 64 1
65 34 1
193 21 1
85 47 1
179 38 1
95 154 1
98 170 1
61 22 1
189 65 1
118 41 1
155 81 1
51 96 1
112 82 1
94 70 1
118 88 1
212 21 1
46 148 1
84 79 1
178 52 1
107 102 1
74 101 1
97 204 1
211 68 1
174 56 1
140 120 1
130 34 1
225 96 1
207 48 1
117 178 1
211 53 1
121 183 1
69 63 1
73 52 1
82 186 1
102 185 1
139 129 1
177 86 1
103 208 1
96 98 1
59 86 1
224 23 1
79 155 1
120 104 1
210 22 1
49 156 1
68 136 1
106 71 1
92 22 1
186 95 1
116 156 1
120 215 1
48 84 1
139 111 1
68 31 1
196 84 1
58 21 1
115 92 1
81 156 1
101 209 1
48 35 1
54 201 1
152 65 1
78 195 1
105 167 1
195 37 1
91 116 1
191 49 1
138 143 1
157 97 1
161 102 1
53 48 1
57 53 1
80 114 1
208 71 1
63 75 1
104 120 1
53 161 1
100 204 1
119 160 1
66 44 1
104 135 1
214 92 1
52 111 1
180 36 1
76 85 1
133 170 1
119 81 1
137 175 1
223 23 1
62 147 1
89 23 1
75 100 1
99 106 1
47 138 1
122 201 1
51 207 1
145 118 1
169 120 1
61 58 1
47 123 1
122 56 1
88 72 1
175 54 1
71 129 1
131 52 1
61 171 1
192 38 1
74 54 1
60 101 1
117 116 1
192 85 1
121 113 1
207 103 1
46 35 1
231 93 1
197 93 1
93 28 1
221 71 1
83 26 1
103 103 1
106 153 1
55 192 1
187 72 1
153 72 1
135 168 1
83 139 1
45 42 1
230 110 1
106 40 1
159 38 1
72 152 1
55 113 1
220 48 1
135 57 1
45 187 1
58 70 1
115 139 1
78 61 1
45 204 1
105 97 1
78 172 1
138 65 1
111 44 1
77 76 1
205 23 1
209 92 1
138 208 1
87 23 1
114 211 1
171 24 1
134 172 1
114 34 1
228 46 1
123 208 1
204 55 1
123 65 1
86 55 1
109 110 1
113 107 1
132 187 1
62 60 1
66 163 1
156 33 1
160 36 1
142 116 1
113 196 1
95 60 1
132 74 1
227 76 1
193 44 1
156 80 1
66 210 1
71 71 1
95 77 1
189 24 1
155 104 1
175 101 1
179 30 1
131 131 1
222 64 1
95 210 1
98 82 1
61 94 1
155 25 1
84 161 1
51 88 1
112 154 1
94 30 1
188 71 1
212 77 1
178 109 1
70 39 1
97 155 1
64 76 1
46 204 1
140 177 1
107 46 1
144 52 1
130 123 1
225 63 1
174 112 1
70 193 1
55 183 1
159 117 1
163 78 1
224 96 1
79 162 1
82 130 1
120 49 1
173 89 1
102 65 1
49 75 1
68 177 1
139 201 1
96 42 1
44 202 1
120 160 1
49 164 1
68 192 1
196 29 1
129 76 1
186 23 1
116 212 1
101 152 1
48 28 1
68 87 1
229 36 1
195 108 1
54 177 1
208 112 1
63 50 1
191 73 1
104 33 1
67 183 1
157 41 1
124 60 1
161 46 1
87 168 1
53 104 1
57 109 1
80 58 1
194 46 1
104 176 1
214 21 1
52 176 1
180 109 1
53 153 1
170 71 1
100 132 1
119 104 1
52 39 1
180 28 1
65 212 1
119 25 1
85 153 1
213 84 1
223 111 1
62 171 1
136 41 1
89 79 1
75 44 1
169 39 1
99 162 1
47 66 1
108 44 1
71 184 1
145 62 1
61 98 1
64 138 1
47 51 1
122 112 1
61 211 1
192 110 1
88 175 1
127 118 1
74 78 1
60 45 1
117 44 1
121 41 1
50 215 1
69 201 1
231 20 1
207 95 1
154 73 1
46 91 1
231 101 1
197 21 1
93 68 1
83 210 1
103 175 1
106 209 1
126 20 1
220 73 1
59 77 1
187 112 1
45 114 1
48 218 1
230 54 1
106 96 1
72 208 1
115 210 1
206 63 1
45 131 1
72 63 1
115 67 1
78 117 1
105 57 1
125 38 1
134 74 1
138 25 1
158 92 1
111 100 1
77 20 1
114 27 1
171 96 1
100 90 1
114 106 1
133 36 1
137 33 1
123 152 1
86 127 1
89 137 1
109 54 1
56 62 1
113 51 1
132 115 1
156 105 1
160 108 1
142 44 1
113 140 1
95 116 1
118 191 1
193 20 1
98 171 1
61 21 1
189 64 1
226 84 1
155 80 1
175 29 1
179 86 1
112 83 1
222 24 1
98 26 1
118 89 1
212 22 1
141 46 1
112 162 1
84 72 1
50 104 1
178 53 1
70 111 1
97 195 1
174 57 1
140 121 1
130 35 1
97 60 1
225 103 1
79 68 1
211 52 1
130 210 1
187 47 1
82 187 1
139 128 1
177 85 1
159 77 1
96 99 1
224 40 1
79 154 1
82 74 1
120 105 1
49 147 1
68 137 1
129 27 1
96 210 1
78 38 1
44 146 1
172 95 1
68 24 1
196 85 1
54 95 1
129 180 1
81 147 1
101 208 1
48 36 1
162 52 1
128 76 1
81 44 1
63 148 1
101 33 1
67 81 1
195 36 1
114 172 1
171 63 1
191 48 1
157 96 1
161 101 1
53 63 1
57 52 1
80 115 1
208 56 1
63 74 1
104 121 1
67 143 1
124 100 1
90 52 1
53 160 1
194 22 1
104 136 1
86 40 1
214 93 1
52 104 1
180 37 1
53 209 1
76 86 1
170 31 1
119 80 1
66 92 1
52 31 1
146 36 1
99 28 1
65 156 1
85 81 1
51 161 1
145 117 1
122 57 1
47 122 1
88 73 1
51 127 1
108 116 1
71 128 1
61 170 1
178 70 1
70 56 1
131 68 1
60 102 1
117 115 1
192 86 1
121 112 1
107 69 1
50 159 1
69 129 1
197 92 1
231 92 1
73 70 1
207 23 1
163 85 1
153 79 1
83 138 1
106 41 1
72 153 1
126 44 1
92 68 1
55 112 1
220 49 1
59 117 1
116 66 1
45 186 1
135 56 1
186 112 1
115 138 1
206 119 1
135 73 1
45 203 1
105 96 1
72 119 1
58 54 1
115 59 1
152 47 1
138 209 1
138 160 1
87 135 1
110 92 1
114 35 1
204 48 1
170 96 1
133 124 1
62 82 1
190 103 1
119 135 1
137 121 1
136 208 1
123 64 1
109 109 1
113 106 1
132 164 1
136 191 1
123 49 1
160 37 1
89 193 1
142 117 1
86 167 1
203 121 1
132 75 1
62 140 1
66 211 1
156 81 1
95 76 1
189 23 1
175 100 1
71 215 1
131 130 1
222 65 1
98 83 1
61 93 1
226 28 1
155 24 1
112 155 1
188 64 1
212 78 1
141 118 1
127 93 1
97 154 1
188 55 1
50 48 1
70 183 1
144 53 1
221 57 1
46 60 1
174 113 1
144 68 1
97 100 1
79 60 1
159 116 1
55 39 1
130 154 1
224 97 1
187 87 1
82 131 1
135 143 1
173 88 1
210 76 1
139 200 1
49 74 1
96 43 1
206 32 1
44 203 1
120 161 1
139 89 1
68 193 1
196 30 1
129 67 1
96 154 1
78 30 1
44 90 1
172 39 1
101 135 1
68 80 1
209 46 1
128 52 1
81 116 1
63 172 1
101 121 1
67 41 1
208 113 1
191 72 1
157 40 1
124 61 1
161 45 1
53 119 1
57 108 1
80 59 1
104 177 1
52 177 1
180 110 1
53 152 1
80 202 1
194 94 1
104 192 1
86 80 1
52 32 1
180 29 1
65 171 1
119 24 1
66 132 1
85 152 1
146 108 1
75 94 1
99 84 1
65 68 1
122 159 1
51 153 1
98 132 1
155 119 1
108 45 1
145 61 1
64 139 1
122 113 1
47 50 1
61 210 1
64 58 1
140 199 1
88 176 1
60 46 1
117 43 1
154 39 1
121 40 1
69 200 1
130 92 1
79 99 1
83 100 1
121 153 1
103 89 1
50 167 1
69 89 1
197 20 1
231 100 1
73 30 1
82 212 1
126 21 1
163 109 1
59 76 1
106 97 1
72 209 1
126 100 1
129 62 1
116 186 1
45 130 1
48 170 1
72 32 1
54 112 1
186 40 1
115 66 1
78 122 1
105 56 1
125 37 1
152 103 1
134 75 1
105 201 1
158 93 1
87 105 1
134 218 1
191 31 1
100 91 1
110 20 1
114 107 1
133 35 1
100 42 1
137 32 1
214 54 1
204 120 1
170 56 1
133 180 1
62 106 1
190 63 1
119 79 1
137 177 1
89 136 1
109 53 1
113 50 1
132 124 1
136 119 1
227 54 1
160 109 1
89 57 1
142 45 1
71 121 1
113 131 1
95 132 1
226 85 1
189 95 1
118 47 1
61 20 1
175 28 1
71 159 1
112 84 1
94 68 1
131 218 1
222 25 1
98 27 1
141 45 1
112 163 1
131 107 1
46 154 1
84 73 1
50 105 1
127 21 1
97 194 1
211 70 1
93 54 1
221 97 1
97 51 1
46 116 1
130 211 1
102 191 1
177 84 1
159 76 1
55 111 1
96 100 1
224 41 1
82 75 1
135 215 1
210 20 1
49 146 1
129 26 1
96 211 1
206 24 1
44 147 1
172 88 1
139 97 1
68 25 1
196 86 1
129 139 1
78 86 1
81 146 1
44 34 1
158 46 1
162 53 1
128 77 1
54 207 1
205 113 1
81 35 1
209 118 1
101 32 1
67 80 1
91 118 1
161 100 1
114 60 1
80 116 1
208 57 1
171 79 1
228 52 1
124 101 1
90 53 1
143 45 1
53 175 1
190 72 1
66 42 1
104 137 1
123 167 1
86 41 1
52 105 1
180 38 1
53 208 1
56 108 1
80 146 1
86 152 1
52 24 1
146 37 1
65 147 1
193 70 1
66 204 1
85 80 1
51 160 1
75 102 1
95 107 1
99 108 1
118 152 1
47 148 1
122 215 1
51 209 1
145 116 1
98 76 1
155 63 1
84 143 1
108 117 1
70 57 1
74 52 1
117 114 1
64 98 1
121 119 1
140 143 1
107 68 1
70 72 1
207 97 1
154 31 1
69 128 1
73 69 1
79 91 1
117 148 1
83 28 1
102 200 1
103 97 1
106 135 1
163 84 1
82 156 1
120 23 1
139 175 1
230 108 1
126 45 1
163 37 1
92 69 1
59 116 1
116 67 1
129 102 1
58 68 1
186 113 1
135 72 1
48 114 1
45 202 1
105 103 1
72 120 1
54 56 1
115 58 1
78 178 1
152 48 1
138 79 1
91 37 1
111 46 1
152 95 1
63 139 1
105 129 1
134 162 1
191 87 1
138 161 1
90 102 1
110 93 1
204 49 1
170 97 1
133 123 1
62 83 1
136 209 1
137 120 1
109 108 1
133 140 1
136 160 1
62 34 1
119 55 1
137 201 1
123 48 1
160 38 1
89 192 1
203 120 1
95 62 1
132 52 1
99 59 1
227 78 1
89 113 1
71 65 1
61 92 1
226 29 1
118 23 1
112 156 1
94 28 1
188 65 1
141 117 1
127 92 1
188 48 1
46 210 1
50 49 1
144 54 1
127 45 1
221 56 1
83 75 1
50 128 1
144 69 1
70 199 1
55 177 1
97 123 1
220 103 1
130 155 1
79 172 1
210 77 1
173 87 1
102 71 1
55 87 1
96 44 1
206 33 1
44 196 1
135 31 1
176 84 1
139 88 1
49 218 1
129 66 1
96 155 1
206 80 1
44 91 1
172 32 1
68 81 1
81 218 1
134 108 1
209 45 1
101 23 1
195 110 1
158 102 1
128 53 1
54 183 1
77 110 1
205 57 1
81 107 1
101 120 1
67 40 1
63 60 1
67 185 1
157 39 1
124 62 1
161 44 1
114 68 1
80 60 1
194 44 1
143 101 1
80 203 1
104 193 1
123 111 1
86 81 1
52 33 1
180 30 1
56 36 1
227 29 1
65 170 1
85 167 1
86 192 1
142 86 1
146 109 1
223 105 1
65 91 1
51 152 1
75 46 1
95 163 1
226 78 1
99 164 1
118 192 1
47 76 1
108 46 1
145 60 1
98 116 1
64 140 1
84 199 1
64 59 1
140 192 1
88 177 1
74 76 1
117 42 1
121 47 1
140 87 1
69 183 1
231 22 1
70 144 1
225 89 1
79 98 1
207 89 1
154 87 1
121 152 1
103 88 1
69 88 1
73 29 1
130 204 1
83 212 1
102 144 1
103 169 1
163 108 1
82 100 1
120 79 1
230 52 1
68 151 1
126 101 1
129 61 1
115 212 1
116 187 1
48 171 1
72 33 1
54 113 1
186 41 1
78 123 1
48 58 1
105 63 1
125 36 1
162 46 1
152 104 1
229 70 1
67 119 1
105 200 1
87 104 1
91 109 1
111 102 1
63 195 1
57 30 1
100 68 1
191 111 1
104 31 1
90 94 1
110 21 1
133 34 1
100 43 1
137 39 1
76 44 1
204 121 1
170 57 1
133 179 1
62 107 1
100 186 1
137 176 1
89 143 1
109 52 1
146 62 1
133 196 1
136 120 1
213 118 1
160 110 1
89 56 1
71 120 1
113 130 1
95 118 1
99 115 1
122 176 1
88 111 1
112 85 1
94 69 1
61 132 1
118 95 1
141 44 1
112 164 1
131 106 1
60 92 1
192 76 1
46 155 1
127 20 1
154 56 1
174 63 1
197 102 1
93 53 1
221 96 1
97 50 1
211 54 1
106 160 1
187 33 1
153 113 1
126 54 1
220 47 1
45 84 1
210 21 1
96 212 1
78 36 1
206 25 1
44 140 1
172 89 1
135 103 1
176 28 1
139 96 1
129 138 1
44 35 1
128 78 1
111 21 1
205 112 1
81 34 1
209 117 1
134 52 1
101 47 1
195 38 1
114 170 1
77 54 1
171 49 1
110 70 1
228 53 1
63 116 1
123 201 1
124 102 1
143 44 1
190 73 1
66 43 1
194 20 1
143 93 1
56 109 1
113 76 1
132 194 1
80 147 1
66 90 1
123 23 1
86 153 1
52 25 1
203 95 1
227 85 1
65 146 1
193 69 1
156 79 1
85 95 1
95 106 1
98 218 1
118 153 1
51 208 1
226 118 1
84 136 1
122 71 1
51 65 1
108 118 1
98 60 1
212 52 1
178 68 1
74 53 1
64 99 1
140 136 1
70 73 1
207 96 1
211 101 1
140 31 1
69 143 1
231 94 1
73 68 1
79 90 1
117 147 1
102 201 1
103 96 1
130 180 1
224 71 1
79 203 1
120 24 1
83 140 1
102 88 1
49 44 1
230 109 1
106 23 1
210 102 1
163 36 1
92 70 1
116 76 1
82 44 1
120 135 1
139 63 1
196 36 1
129 101 1
58 69 1
115 140 1
48 115 1
72 121 1
54 57 1
58 52 1
152 49 1
78 179 1
195 117 1
162 86 1
91 36 1
54 168 1
63 138 1
67 79 1
105 128 1
91 85 1
134 163 1
63 27 1
87 129 1
57 86 1
100 28 1
104 87 1
90 22 1
133 122 1
137 127 1
119 129 1
76 116 1
133 139 1
62 35 1
136 161 1
137 200 1
89 199 1
99 58 1
62 178 1
136 48 1
213 46 1
51 191 1
89 112 1
71 64 1
95 78 1
99 139 1
47 171 1
175 102 1
71 209 1
131 132 1
222 71 1
169 89 1
61 91 1
88 39 1
94 29 1
61 204 1
50 95 1
141 116 1
188 49 1
46 211 1
127 44 1
221 55 1
154 112 1
83 74 1
46 66 1
174 119 1
103 55 1
50 129 1
197 62 1
144 70 1
55 176 1
97 122 1
83 59 1
159 118 1
55 33 1
220 96 1
187 105 1
153 41 1
135 137 1
72 183 1
126 78 1
220 23 1
45 156 1
176 85 1
96 156 1
78 28 1
206 81 1
44 84 1
172 33 1
176 36 1
209 44 1
138 96 1
87 71 1
128 54 1
111 77 1
77 109 1
205 56 1
81 106 1
101 103 1
171 121 1
67 184 1
194 45 1
143 100 1
80 204 1
62 76 1
194 92 1
56 37 1
132 154 1
227 28 1
66 130 1
86 193 1
203 103 1
95 29 1
223 104 1
227 109 1
65 90 1
85 23 1
95 162 1
98 130 1
189 57 1
118 193 1
155 73 1
112 42 1
94 110 1
226 62 1
118 112 1
84 192 1
47 60 1
122 127 1
64 60 1
84 55 1
212 108 1
140 193 1
74 77 1
97 164 1
174 32 1
140 80 1
70 145 1
130 90 1
225 88 1
207 88 1
117 218 1
211 29 1
121 159 1
140 39 1
69 71 1
231 102 1
73 28 1
82 210 1
173 41 1
102 145 1
49 27 1
139 153 1
103 168 1
177 46 1
96 90 1
59 78 1
79 131 1
120 80 1
210 46 1
102 96 1
49 116 1
68 144 1
106 111 1
230 53 1
129 60 1
186 71 1
116 132 1
120 191 1
48 172 1
139 71 1
68 39 1
115 68 1
81 180 1
101 185 1
48 59 1
152 105 1
229 69 1
105 207 1
195 77 1
91 108 1
54 144 1
63 194 1
191 25 1
138 151 1
161 94 1
57 29 1
208 95 1
63 83 1
53 73 1
100 212 1
104 175 1
214 52 1
52 151 1
180 76 1
76 45 1
133 178 1
100 187 1
119 73 1
137 183 1
85 201 1
223 63 1
133 195 1
136 121 1
213 117 1
89 63 1
146 78 1
99 114 1
122 177 1
99 195 1
47 99 1
122 32 1
88 112 1
175 30 1
71 153 1
112 86 1
222 31 1
61 131 1
88 31 1
74 30 1
60 93 1
192 77 1
121 89 1
50 103 1
154 57 1
231 53 1
197 101 1
93 52 1
46 122 1
103 127 1
106 161 1
187 32 1
153 112 1
230 70 1
106 48 1
159 78 1
55 105 1
220 40 1
45 83 1
135 209 1
72 207 1
115 179 1
78 37 1
176 29 1
125 86 1
78 84 1
44 28 1
158 44 1
111 20 1
205 111 1
209 116 1
138 56 1
114 171 1
77 53 1
171 48 1
134 196 1
114 58 1
171 65 1
228 54 1
123 200 1
110 54 1
194 21 1
123 185 1
86 47 1
143 92 1
56 110 1
113 67 1
132 195 1
80 148 1
66 91 1
160 28 1
132 82 1
227 84 1
193 68 1
156 72 1
66 202 1
71 95 1
203 47 1
95 85 1
175 77 1
222 104 1
131 171 1
98 74 1
61 54 1
189 97 1
155 49 1
84 137 1
51 64 1
112 114 1
94 38 1
212 53 1
178 69 1
70 63 1
64 100 1
46 180 1
84 111 1
140 137 1
107 70 1
225 23 1
211 100 1
174 88 1
140 24 1
55 175 1
117 146 1
69 31 1
163 86 1
224 88 1
79 202 1
82 154 1
120 25 1
173 113 1
102 89 1
49 35 1
139 161 1
177 118 1
59 118 1
224 55 1
120 136 1
102 40 1
49 188 1
196 37 1
129 100 1
48 116 1
68 127 1
58 53 1
115 60 1
195 116 1
54 169 1
105 135 1
91 84 1
63 26 1
191 81 1
138 175 1
157 65 1
124 20 1
87 128 1
90 100 1
57 85 1
80 82 1
208 39 1
63 107 1
104 88 1
53 129 1
170 111 1
119 128 1
52 79 1
76 117 1
133 138 1
65 204 1
119 49 1
137 207 1
85 129 1
223 119 1
62 179 1
136 49 1
213 45 1
89 119 1
99 138 1
47 170 1
51 47 1
145 86 1
71 208 1
169 88 1
61 90 1
64 162 1
122 88 1
47 27 1
88 40 1
61 203 1
88 215 1
127 94 1
74 86 1
117 84 1
50 47 1
69 209 1
207 71 1
154 113 1
46 67 1
197 61 1
83 58 1
103 135 1
55 32 1
220 97 1
59 37 1
187 104 1
116 50 1
153 40 1
135 136 1
83 171 1
72 184 1
55 81 1
206 39 1
135 25 1
45 155 1
176 86 1
58 102 1
115 107 1
78 29 1
176 37 1
105 65 1
125 30 1
78 140 1
134 98 1
138 97 1
158 100 1
111 76 1
77 108 1
205 55 1
87 55 1
171 120 1
134 140 1
114 66 1
204 87 1
136 207 1
194 93 1
123 97 1
86 87 1
89 177 1
109 78 1
56 38 1
132 155 1
66 131 1
160 68 1
142 84 1
95 28 1
132 42 1
227 108 1
71 39 1
98 131 1
226 76 1
189 56 1
155 72 1
112 43 1
222 32 1
98 114 1
118 113 1
84 193 1
112 186 1
188 103 1
84 48 1
212 109 1
50 64 1
97 187 1
174 33 1
140 81 1
144 20 1
130 91 1
225 95 1
79 108 1
211 28 1
140 32 1
55 151 1
130 202 1
82 211 1
173 40 1
139 152 1
177 45 1
49 26 1
159 85 1
163 110 1
96 91 1
79 130 1
82 98 1
120 81 1
102 97 1
49 107 1
68 145 1
129 51 1
96 202 1
44 170 1
172 119 1
120 192 1
49 196 1
68 32 1
54 119 1
129 172 1
186 55 1
81 171 1
101 184 1
48 60 1
162 44 1
128 100 1
81 196 1
229 68 1
67 121 1
195 76 1
54 145 1
114 132 1
191 24 1
161 93 1
53 39 1
57 28 1
208 80 1
63 82 1
191 105 1
67 151 1
124 92 1
90 92 1
53 72 1
80 26 1
104 144 1
214 53 1
52 144 1
180 77 1
76 46 1
170 39 1
100 164 1
119 72 1
66 116 1
85 200 1
146 60 1
133 194 1
65 180 1
85 185 1
213 116 1
223 79 1
179 45 1
99 194 1
47 98 1
122 33 1
88 113 1
51 103 1
71 152 1
145 30 1
61 130 1
178 94 1
131 108 1
60 94 1
192 78 1
121 88 1
88 143 1
107 93 1
127 22 1
74 110 1
121 201 1
231 52 1
69 169 1
197 100 1
207 63 1
46 123 1
153 119 1
103 207 1
106 49 1
126 52 1
55 104 1
220 41 1
59 109 1
116 106 1
45 82 1
135 208 1
106 64 1
186 88 1
115 178 1
78 42 1
206 31 1
135 97 1
176 30 1
125 85 1
72 95 1
58 30 1
115 35 1
78 85 1
105 25 1
158 45 1
78 196 1
134 42 1
138 57 1
77 52 1
138 136 1
110 68 1
114 59 1
171 64 1
100 122 1
143 46 1
190 79 1
119 191 1
137 65 1
123 184 1
113 66 1
132 204 1
136 135 1
123 41 1
160 29 1
86 159 1
109 22 1
113 211 1
203 81 1
132 83 1
62 148 1
66 203 1
156 73 1
113 172 1
95 84 1
118 159 1
175 76 1
131 170 1
222 105 1
98 75 1
61 53 1
189 96 1
226 116 1
155 48 1
175 61 1
112 115 1
131 59 1
98 58 1
212 54 1
141 78 1
112 194 1
188 47 1
84 104 1
70 79 1
46 36 1
174 89 1
140 25 1
144 92 1
97 92 1
79 36 1
102 207 1
130 178 1
224 89 1
187 79 1
82 155 1
210 100 1
173 112 1
135 167 1
139 160 1
177 117 1
49 34 1
159 45 1
163 38 1
82 42 1
120 137 1
102 41 1
49 179 1
139 49 1
196 38 1
129 123 1
44 114 1
172 63 1
68 120 1
54 63 1
129 148 1
162 84 1
91 38 1
128 44 1
63 180 1
101 65 1
67 49 1
114 204 1
171 31 1
228 68 1
191 80 1
157 64 1
124 21 1
90 101 1
53 31 1
57 84 1
80 83 1
208 24 1
63 106 1
104 89 1
123 215 1
90 20 1
53 128 1
194 118 1
86 72 1
52 72 1
76 118 1
65 195 1
119 48 1
66 188 1
85 128 1
95 59 1
99 60 1
65 124 1
122 135 1
85 113 1
213 44 1
51 129 1
47 196 1
155 111 1
179 101 1
145 85 1
169 95 1
64 163 1
122 89 1
47 26 1
88 41 1
51 95 1
108 84 1
61 202 1
64 210 1
178 102 1
70 24 1
117 83 1
69 208 1
107 37 1
127 46 1
130 116 1
117 196 1
83 76 1
121 129 1
103 49 1
50 191 1
69 97 1
197 60 1
73 102 1
163 117 1
59 36 1
116 51 1
153 47 1
83 170 1
72 185 1
126 76 1
92 36 1
55 80 1
116 162 1
135 24 1
45 154 1
48 130 1
54 104 1
115 106 1
78 98 1
206 87 1
176 38 1
105 64 1
125 29 1
115 27 1
134 99 1
105 209 1
158 101 1
87 65 1
87 167 1
114 67 1
100 50 1
214 46 1
143 102 1
204 80 1
170 64 1
133 92 1
62 114 1
119 103 1
137 153 1
123 96 1
89 176 1
109 77 1
132 132 1
136 95 1
227 30 1
160 69 1
86 199 1
142 85 1
89 33 1
113 155 1
203 25 1
132 43 1
62 172 1
95 172 1
226 77 1
189 55 1
118 199 1
71 183 1
112 44 1
94 108 1
222 33 1
98 115 1
226 60 1
112 187 1
131 115 1
188 96 1
46 130 1
84 49 1
212 110 1
50 65 1
97 186 1
50 208 1
70 151 1
144 21 1
93 46 1
221 25 1
97 43 1
46 92 1
140 33 1
130 203 1
79 28 1
173 39 1
102 151 1
177 44 1
159 84 1
96 92 1
187 119 1
82 99 1
210 44 1
49 106 1
129 50 1
96 203 1
44 171 1
172 112 1
120 193 1
139 121 1
68 33 1
129 163 1
96 186 1
81 170 1
44 58 1
101 167 1
158 54 1
162 45 1
128 101 1
205 73 1
81 59 1
67 120 1
91 110 1
128 20 1
81 84 1
63 204 1
161 92 1
208 81 1
171 103 1
228 28 1
191 104 1
124 93 1
90 93 1
53 87 1
80 27 1
190 80 1
104 145 1
123 159 1
52 145 1
180 78 1
56 84 1
80 170 1
85 215 1
86 112 1
146 61 1
223 57 1
65 139 1
85 184 1
146 76 1
95 115 1
99 116 1
118 176 1
65 36 1
122 191 1
85 41 1
179 44 1
98 164 1
155 87 1
179 93 1
145 29 1
74 28 1
64 26 1
121 95 1
88 144 1
178 46 1
70 96 1
107 92 1
121 200 1
69 168 1
130 60 1
79 67 1
117 188 1
121 185 1
103 121 1
106 175 1
69 57 1
73 62 1
82 180 1
139 135 1
230 68 1
126 53 1
59 108 1
116 107 1
106 65 1
129 30 1
186 89 1
78 43 1
116 154 1
135 96 1
48 74 1
125 84 1
72 64 1
54 80 1
115 34 1
78 90 1
229 22 1
138 87 1
105 24 1
111 22 1
152 71 1
134 43 1
63 147 1
105 169 1
134 186 1
191 63 1
138 137 1
110 69 1
100 123 1
110 52 1
100 202 1
137 64 1
214 86 1
143 94 1
170 24 1
133 148 1
136 136 1
137 209 1
119 47 1
123 40 1
160 30 1
109 21 1
203 80 1
113 210 1
132 92 1
136 23 1
227 86 1
89 25 1
71 89 1
113 163 1
203 33 1
61 52 1
226 117 1
175 60 1
112 116 1
94 36 1
131 58 1
98 59 1
192 60 1
141 77 1
112 195 1
131 75 1
188 40 1
46 186 1
84 105 1
127 53 1
211 102 1
50 152 1
144 93 1
55 169 1
93 22 1
221 65 1
97 83 1
130 179 1
79 212 1
210 101 1
173 111 1
102 95 1
45 36 1
177 116 1
159 44 1
55 79 1
82 43 1
135 55 1
139 48 1
49 178 1
129 122 1
206 120 1
44 115 1
172 56 1
68 121 1
195 118 1
162 85 1
128 45 1
54 175 1
77 70 1
209 86 1
101 64 1
67 48 1
91 86 1
228 69 1
67 193 1
157 95 1
124 22 1
114 92 1
80 84 1
208 25 1
90 21 1
53 143 1
190 104 1
123 71 1
86 73 1
52 73 1
65 194 1
156 63 1
85 143 1
86 184 1
95 58 1
223 113 1
65 115 1
193 38 1
85 112 1
51 128 1
95 75 1
99 140 1
47 180 1
51 49 1
179 100 1
145 84 1
98 108 1
64 164 1
155 31 1
84 175 1
108 85 1
64 211 1
70 25 1
74 84 1
117 82 1
64 66 1
121 23 1
140 175 1
107 36 1
70 168 1
225 49 1
117 195 1
207 65 1
121 128 1
103 48 1
69 96 1
73 101 1
79 59 1
83 60 1
103 129 1
163 116 1
116 60 1
82 124 1
120 55 1
139 207 1
68 191 1
126 77 1
92 37 1
116 163 1
48 131 1
54 105 1
129 70 1
58 100 1
78 99 1
116 210 1
105 71 1
125 28 1
54 24 1
115 26 1
78 146 1
229 46 1
138 111 1
105 208 1
87 64 1
111 78 1
63 171 1
87 49 1
134 130 1
191 119 1
104 39 1
90 70 1
100 51 1
204 81 1
170 65 1
133 91 1
62 115 1
100 130 1
137 152 1
89 183 1
109 76 1
136 64 1
62 194 1
119 23 1
213 94 1
160 70 1
89 32 1
75 85 1
113 154 1
203 24 1
95 30 1
99 91 1
136 47 1
227 110 1
122 152 1
89 81 1
71 33 1
169 41 1
112 45 1
94 109 1
61 124 1
226 61 1
118 119 1
112 188 1
131 114 1
188 97 1
192 100 1
46 131 1
154 32 1
174 39 1
50 209 1
144 22 1
93 45 1
221 24 1
97 42 1
83 107 1
211 30 1
50 160 1
55 145 1
93 94 1
187 25 1
126 30 1
220 71 1
79 140 1
45 108 1
210 45 1
102 103 1
96 204 1
44 164 1
172 113 1
135 127 1
176 116 1
139 120 1
129 162 1
96 187 1
44 59 1
128 102 1
129 211 1
205 72 1
81 58 1
134 76 1
101 55 1
195 78 1
158 70 1
128 21 1
54 151 1
114 130 1
81 75 1
228 29 1
63 92 1
67 153 1
124 94 1
114 100 1
80 28 1
190 81 1
143 69 1
56 85 1
53 199 1
80 171 1
190 32 1
66 114 1
86 113 1
223 56 1
227 61 1
65 138 1
156 103 1
85 71 1
142 54 1
146 77 1
95 114 1
223 73 1
118 177 1
65 59 1
85 40 1
95 131 1
226 110 1
99 196 1
118 32 1
47 108 1
122 47 1
51 105 1
179 92 1
145 28 1
212 28 1
178 92 1
74 29 1
64 27 1
88 145 1
70 97 1
74 108 1
211 77 1
121 207 1
140 119 1
69 151 1
231 54 1
225 121 1
79 66 1
117 187 1
207 57 1
121 184 1
103 120 1
69 56 1
73 61 1
130 172 1
102 176 1
230 69 1
103 201 1
106 63 1
116 116 1
82 68 1
120 111 1
139 23 1
129 29 1
115 180 1
116 155 1
48 75 1
72 65 1
54 81 1
58 28 1
78 91 1
229 21 1
105 31 1
162 78 1
54 192 1
152 72 1
78 202 1
63 146 1
229 102 1
67 87 1
105 168 1
138 39 1
91 77 1
134 187 1
53 57 1
57 62 1
100 100 1
104 127 1
52 199 1
90 62 1
110 53 1
100 203 1
137 71 1
119 185 1
76 76 1
170 25 1
133 147 1
136 137 1
137 208 1
109 20 1
146 30 1
136 24 1
62 154 1
213 22 1
51 167 1
89 24 1
71 88 1
75 29 1
113 162 1
203 32 1
95 86 1
99 147 1
47 147 1
175 78 1
122 208 1
131 172 1
222 111 1
169 97 1
61 51 1
88 79 1
112 117 1
94 37 1
61 164 1
192 61 1
141 76 1
112 196 1
131 74 1
188 41 1
46 187 1
127 52 1
221 47 1
154 24 1
46 42 1
174 95 1
50 153 1
197 70 1
144 94 1
55 168 1
93 21 1
221 64 1
97 82 1
83 35 1
106 128 1
187 65 1
153 81 1
135 161 1
45 35 1
72 159 1
126 86 1
45 180 1
102 47 1
206 121 1
44 108 1
172 57 1
135 71 1
176 60 1
138 72 1
128 46 1
111 53 1
77 69 1
209 85 1
101 79 1
114 202 1
228 70 1
67 192 1
110 102 1
62 84 1
190 105 1
194 116 1
113 108 1
132 162 1
156 56 1
66 186 1
123 55 1
86 185 1
95 37 1
223 112 1
227 117 1
65 114 1
193 37 1
85 127 1
95 74 1
155 97 1
51 48 1
94 118 1
226 22 1
118 104 1
84 168 1
122 103 1
47 36 1
108 86 1
64 212 1
84 31 1
212 84 1
178 100 1
74 85 1
97 156 1
64 67 1
140 168 1
70 169 1
130 114 1
225 48 1
207 64 1
117 194 1
121 135 1
140 63 1
69 111 1
73 100 1
79 58 1
103 128 1
130 148 1
59 38 1
224 103 1
79 171 1
120 56 1
83 172 1
102 120 1
49 76 1
68 184 1
106 119 1
210 70 1
92 38 1
116 172 1
120 167 1
48 132 1
139 95 1
68 207 1
129 69 1
58 101 1
115 108 1
116 211 1
101 129 1
54 25 1
78 147 1
229 45 1
195 85 1
105 215 1
162 118 1
54 136 1
63 170 1
67 47 1
87 48 1
208 119 1
134 131 1
63 59 1
104 40 1
87 161 1
53 113 1
57 118 1
100 60 1
104 183 1
214 44 1
52 191 1
180 116 1
133 90 1
100 131 1
119 97 1
137 159 1
62 195 1
136 65 1
213 93 1
89 39 1
146 102 1
75 84 1
99 90 1
122 153 1
47 218 1
51 159 1
89 80 1
71 32 1
75 37 1
169 40 1
99 171 1
47 75 1
71 177 1
112 46 1
222 39 1
61 123 1
192 101 1
121 65 1
50 127 1
60 36 1
154 33 1
93 44 1
221 23 1
154 80 1
83 106 1
46 98 1
103 87 1
50 161 1
197 30 1
55 144 1
93 93 1
187 24 1
230 94 1
159 86 1
220 64 1
45 107 1
72 215 1
126 110 1
176 117 1
125 78 1
96 188 1
78 124 1
44 52 1
158 52 1
129 210 1
205 71 1
87 103 1
128 22 1
111 109 1
114 131 1
81 74 1
171 89 1
228 30 1
67 152 1
110 30 1
123 145 1
143 68 1
56 86 1
113 91 1
80 172 1
62 108 1
190 33 1
66 115 1
113 52 1
132 122 1
227 60 1
156 96 1
71 119 1
223 72 1
65 58 1
85 55 1
179 46 1
222 112 1
95 130 1
98 162 1
131 179 1
189 89 1
118 33 1
155 41 1
61 46 1
51 104 1
112 74 1
94 78 1
118 80 1
212 29 1
178 93 1
64 28 1
46 156 1
84 87 1
178 44 1
107 94 1
74 109 1
97 196 1
211 76 1
174 64 1
140 112 1
130 58 1
225 120 1
207 56 1
117 186 1
211 61 1
121 191 1
69 39 1
73 60 1
82 178 1
102 177 1
49 59 1
139 185 1
177 78 1
103 200 1
96 122 1
59 110 1
224 47 1
120 112 1
49 148 1
106 79 1
129 28 1
186 103 1
48 76 1
139 103 1
196 92 1
58 29 1
115 36 1
81 148 1
229 20 1
54 193 1
152 73 1
78 203 1
229 101 1
105 175 1
195 45 1
91 76 1
191 57 1
138 183 1
157 121 1
53 56 1
57 61 1
80 106 1
208 63 1
63 115 1
104 96 1
52 192 1
53 169 1
170 119 1
119 184 1
66 36 1
104 143 1
214 84 1
52 119 1
180 44 1
76 77 1
133 146 1
137 215 1
119 41 1
223 31 1
62 155 1
136 25 1
213 21 1
89 31 1
75 28 1
99 146 1
47 146 1
122 209 1
51 215 1
145 110 1
169 96 1
61 50 1
122 64 1
175 62 1
88 80 1
112 118 1
131 60 1
61 163 1
192 62 1
74 62 1
117 124 1
121 121 1
207 111 1
154 25 1
46 43 1
231 85 1
197 69 1
93 20 1
221 95 1
83 34 1
103 159 1
106 129 1
59 29 1
187 64 1
153 80 1
135 160 1
83 147 1
45 34 1
230 102 1
159 46 1
72 128 1
55 73 1
135 49 1
45 179 1
58 78 1
115 147 1
45 196 1
176 61 1
105 105 1
125 118 1
78 180 1
134 122 1
138 73 1
111 52 1
77 68 1
209 84 1
87 47 1
114 203 1
134 164 1
114 90 1
204 47 1
136 215 1
194 117 1
123 89 1
86 79 1
109 102 1
113 99 1
132 163 1
62 36 1
66 187 1
156 57 1
160 60 1
95 36 1
132 50 1
227 116 1
193 36 1
71 63 1
155 96 1
175 109 1
179 102 1
222 72 1
131 139 1
98 106 1
95 218 1
61 86 1
118 105 1
84 169 1
141 30 1
112 146 1
188 95 1
84 24 1
212 85 1
50 88 1
178 101 1
70 31 1
97 147 1
64 68 1
46 212 1
140 169 1
107 38 1
144 44 1
130 115 1
225 55 1
174 120 1
140 56 1
55 143 1
163 118 1
224 120 1
79 170 1
82 122 1
120 57 1
173 81 1
102 121 1
49 67 1
68 185 1
139 193 1
129 43 1
96 34 1
44 194 1
120 168 1
68 200 1
54 111 1
129 68 1
186 31 1
101 128 1
68 95 1
115 28 1
229 44 1
195 84 1
54 137 1
114 156 1
208 104 1
63 58 1
191 113 1
104 41 1
67 191 1
157 33 1
124 52 1
161 38 1
87 160 1
53 112 1
90 68 1
57 117 1
80 50 1
194 38 1
104 184 1
214 45 1
52 184 1
180 117 1
170 79 1
100 140 1
119 96 1
66 108 1
104 199 1
52 47 1
65 172 1
85 161 1
213 92 1
223 87 1
89 87 1
75 36 1
169 47 1
99 170 1
47 74 1
108 36 1
71 176 1
145 54 1
61 122 1
64 130 1
47 59 1
122 120 1
131 116 1
192 102 1
121 64 1
88 183 1
107 117 1
74 118 1
60 37 1
117 52 1
121 49 1
50 207 1
69 177 1
207 39 1
154 81 1
46 99 1
197 29 1
93 92 1
83 218 1
103 167 1
126 28 1
220 65 1
59 69 1
45 106 1
48 210 1
230 46 1
106 104 1
186 64 1
115 218 1
135 121 1
176 118 1
125 77 1
72 39 1
115 75 1
105 33 1
158 53 1
125 62 1
134 66 1
158 68 1
111 108 1
138 144 1
87 215 1
171 88 1
100 66 1
114 98 1
133 44 1
190 87 1
137 41 1
119 215 1
123 144 1
113 90 1
204 119 1
132 212 1
86 119 1
89 145 1
109 46 1
113 43 1
132 123 1
156 97 1
160 100 1
142 52 1
113 132 1
95 124 1
118 183 1
131 178 1
222 113 1
98 163 1
61 45 1
189 88 1
226 108 1
155 40 1
175 37 1
179 94 1
112 75 1
131 195 1
118 81 1
212 30 1
141 38 1
112 218 1
84 80 1
50 96 1
178 45 1
70 103 1
174 65 1
140 113 1
144 116 1
130 59 1
97 52 1
79 76 1
211 60 1
130 170 1
187 39 1
82 179 1
135 191 1
139 184 1
177 77 1
49 58 1
159 53 1
96 123 1
224 32 1
82 66 1
120 113 1
49 139 1
78 46 1
44 138 1
172 87 1
196 93 1
54 87 1
129 140 1
81 139 1
162 76 1
128 68 1
81 36 1
63 156 1
101 41 1
229 100 1
67 89 1
195 44 1
114 164 1
171 55 1
191 56 1
157 120 1
57 60 1
80 107 1
208 48 1
63 114 1
104 97 1
123 207 1
52 193 1
90 60 1
53 168 1
194 110 1
86 32 1
214 85 1
52 112 1
180 45 1
76 78 1
119 40 1
66 84 1
146 28 1
65 148 1
85 89 1
213 20 1
51 169 1
98 212 1
145 109 1
169 103 1
122 65 1
88 81 1
51 71 1
108 108 1
61 162 1
64 202 1
88 192 1
70 48 1
131 76 1
117 123 1
121 120 1
107 61 1
127 54 1
130 108 1
50 151 1
69 137 1
197 68 1
231 84 1
73 78 1
207 31 1
163 93 1
59 28 1
153 87 1
83 146 1
72 129 1
126 84 1
92 92 1
55 72 1
116 74 1
45 178 1
48 154 1
135 48 1
186 120 1
115 146 1
135 65 1
45 195 1
176 62 1
105 104 1
125 117 1
72 127 1
58 62 1
152 55 1
134 123 1
138 168 1
87 159 1
110 100 1
114 91 1
100 26 1
204 40 1
170 104 1
133 100 1
62 90 1
190 111 1
119 159 1
137 97 1
123 88 1
109 101 1
113 98 1
132 172 1
136 167 1
160 61 1
89 201 1
86 191 1
203 113 1
132 51 1
62 180 1
95 180 1
189 47 1
175 108 1
71 207 1
94 116 1
131 138 1
222 73 1
98 107 1
61 85 1
226 20 1
141 29 1
112 147 1
131 27 1
188 88 1
84 25 1
212 86 1
50 89 1
141 110 1
127 69 1
97 146 1
50 40 1
70 175 1
144 45 1
221 49 1
46 68 1
174 121 1
140 57 1
97 124 1
173 63 1
55 63 1
130 146 1
224 121 1
187 111 1
82 123 1
135 135 1
173 80 1
210 68 1
139 192 1
49 66 1
129 42 1
96 35 1
206 40 1
44 195 1
120 169 1
139 81 1
49 211 1
68 201 1
129 91 1
96 146 1
78 102 1
44 82 1
172 31 1
101 143 1
68 88 1
54 31 1
81 211 1
209 38 1
162 116 1
81 108 1
63 212 1
101 97 1
208 105 1
228 100 1
191 112 1
157 32 1
124 53 1
161 37 1
90 69 1
53 127 1
57 116 1
80 51 1
104 185 1
52 185 1
180 118 1
80 194 1
194 86 1
104 200 1
86 104 1
52 40 1
65 163 1
66 156 1
85 160 1
146 100 1
75 86 1
95 27 1
99 92 1
118 168 1
65 92 1
122 167 1
98 156 1
155 79 1
179 69 1
108 37 1
145 53 1
64 131 1
122 121 1
47 58 1
64 50 1
121 71 1
88 184 1
107 116 1
70 120 1
60 38 1
117 51 1
154 47 1
121 48 1
69 176 1
130 84 1
79 107 1
117 164 1
83 108 1
121 161 1
103 81 1
106 183 1
69 65 1
197 28 1
82 204 1
139 159 1
230 92 1
126 29 1
163 21 1
59 68 1
48 211 1
106 105 1
126 108 1
129 54 1
186 65 1
116 130 1
135 120 1
48 162 1
125 76 1
72 40 1
54 72 1
186 48 1
115 74 1
78 66 1
105 32 1
125 61 1
152 111 1
134 67 1
105 177 1
158 69 1
87 97 1
134 210 1
138 145 1
100 67 1
110 28 1
114 99 1
133 43 1
100 210 1
137 40 1
214 78 1
143 70 1
204 112 1
170 32 1
133 188 1
136 144 1
190 39 1
119 71 1
137 185 1
89 144 1
109 45 1
113 42 1
132 100 1
136 127 1
227 62 1
160 101 1
142 53 1
71 113 1
113 187 1
203 57 1
95 140 1
61 44 1
189 87 1
118 39 1
226 109 1
175 36 1
71 151 1
112 76 1
94 76 1
131 194 1
141 37 1
131 83 1
46 162 1
84 81 1
50 97 1
127 29 1
97 218 1
211 78 1
144 117 1
221 121 1
97 75 1
46 124 1
130 171 1
45 60 1
102 183 1
177 76 1
159 52 1
55 103 1
96 124 1
224 33 1
82 67 1
135 207 1
49 138 1
206 96 1
44 139 1
172 80 1
196 94 1
129 131 1
78 94 1
81 138 1
44 26 1
101 199 1
158 22 1
162 77 1
128 69 1
54 199 1
77 94 1
205 105 1
81 27 1
209 110 1
101 40 1
67 88 1
91 78 1
157 119 1
114 52 1
80 108 1
208 49 1
171 71 1
228 60 1
90 61 1
143 53 1
53 183 1
190 112 1
66 34 1
123 191 1
86 33 1
52 113 1
180 46 1
56 116 1
80 138 1
86 144 1
142 102 1
146 29 1
223 25 1
65 107 1
193 94 1
66 196 1
85 88 1
51 168 1
75 30 1
95 83 1
99 148 1
118 144 1
47 156 1
145 108 1
98 68 1
155 55 1
84 151 1
108 109 1
64 203 1
88 193 1
70 49 1
74 60 1
117 122 1
64 122 1
121 127 1
140 135 1
107 60 1
70 64 1
225 41 1
207 105 1
154 103 1
69 136 1
73 77 1
130 28 1
79 35 1
117 156 1
83 36 1
102 192 1
103 153 1
106 143 1
69 25 1
163 92 1
116 36 1
82 148 1
120 31 1
139 167 1
230 100 1
126 85 1
163 45 1
92 93 1
116 75 1
48 155 1
58 76 1
186 121 1
45 194 1
135 64 1
48 106 1
105 111 1
125 116 1
72 96 1
54 48 1
152 56 1
78 186 1
229 54 1
138 119 1
91 61 1
111 54 1
63 179 1
105 137 1
87 41 1
134 154 1
191 95 1
138 169 1
90 110 1
110 101 1
100 27 1
137 23 1
76 28 1
204 41 1
170 105 1
133 99 1
62 91 1
137 96 1
214 118 1
109 100 1
136 168 1
62 42 1
213 70 1
160 62 1
89 200 1
203 112 1
95 38 1
132 60 1
99 35 1
136 55 1
227 118 1
122 128 1
47 195 1
89 121 1
71 57 1
169 49 1
94 117 1
95 196 1
61 84 1
226 21 1
118 111 1
141 28 1
112 148 1
131 26 1
188 89 1
192 28 1
141 109 1
127 68 1
46 218 1
50 41 1
144 46 1
221 48 1
83 83 1
50 184 1
55 137 1
93 118 1
97 115 1
130 147 1
79 180 1
210 69 1
173 79 1
102 127 1
96 36 1
206 41 1
44 188 1
135 23 1
176 76 1
139 80 1
49 210 1
129 90 1
96 147 1
206 88 1
44 83 1
172 24 1
68 89 1
129 203 1
81 210 1
134 100 1
209 37 1
101 31 1
195 86 1
158 110 1
162 117 1
54 143 1
114 154 1
77 102 1
205 49 1
81 99 1
101 96 1
228 101 1
63 36 1
67 161 1
157 63 1
124 54 1
161 36 1
114 124 1
80 52 1
194 36 1
143 109 1
80 195 1
66 106 1
104 201 1
123 103 1
86 105 1
52 41 1
56 44 1
65 162 1
156 31 1
85 175 1
142 94 1
146 101 1
95 26 1
223 81 1
118 169 1
65 83 1
75 38 1
95 171 1
226 70 1
99 172 1
122 23 1
47 84 1
179 68 1
108 38 1
145 52 1
64 132 1
84 207 1
64 51 1
88 185 1
70 121 1
74 116 1
117 50 1
121 55 1
140 79 1
69 191 1
70 136 1
225 81 1
79 106 1
117 163 1
154 95 1
207 33 1
121 160 1
103 80 1
69 64 1
130 196 1
79 27 1
102 136 1
49 28 1
103 161 1
106 199 1
230 93 1
163 20 1
116 28 1
82 92 1
120 87 1
48 212 1
230 44 1
68 159 1
126 109 1
129 53 1
116 131 1
48 163 1
72 41 1
54 73 1
186 49 1
78 67 1
48 50 1
105 39 1
125 60 1
162 38 1
152 112 1
229 78 1
67 127 1
105 176 1
87 96 1
91 101 1
111 110 1
134 211 1
63 203 1
87 209 1
53 33 1
57 38 1
100 76 1
90 38 1
110 29 1
133 42 1
100 211 1
137 47 1
119 209 1
76 36 1
204 113 1
170 33 1
133 187 1
136 145 1
100 162 1
137 184 1
89 151 1
109 44 1
146 54 1
133 204 1
136 96 1
160 102 1
71 112 1
75 117 1
113 186 1
203 56 1
99 123 1
122 184 1
131 180 1
222 119 1
61 43 1
88 119 1
112 77 1
94 77 1
61 156 1
118 87 1
141 36 1
131 82 1
60 84 1
192 68 1
46 163 1
127 28 1
174 71 1
197 110 1
144 118 1
221 120 1
97 74 1
211 62 1
106 168 1
187 57 1
153 121 1
135 185 1
45 59 1
126 62 1
220 39 1
45 76 1
78 44 1
206 97 1
44 132 1
172 81 1
135 95 1
176 20 1
129 130 1
44 27 1
138 80 1
128 70 1
111 29 1
77 93 1
205 104 1
81 26 1
209 109 1
134 44 1
101 87 1
195 46 1
114 162 1
77 46 1
171 41 1
110 78 1
228 61 1
63 124 1
123 193 1
143 52 1
190 113 1
66 35 1
194 108 1
56 117 1
113 68 1
132 202 1
80 139 1
66 82 1
123 47 1
86 145 1
203 87 1
223 24 1
227 93 1
65 106 1
193 93 1
156 71 1
85 103 1
142 22 1
95 82 1
98 210 1
118 145 1
65 27 1
112 26 1
84 144 1
122 79 1
51 73 1
108 110 1
98 52 1
64 204 1
212 60 1
74 61 1
64 123 1
140 128 1
70 65 1
130 106 1
225 40 1
207 104 1
211 109 1
140 23 1
69 119 1
231 86 1
70 208 1
73 76 1
79 34 1
117 155 1
207 25 1
102 193 1
103 152 1
177 30 1
69 24 1
130 140 1
59 30 1
224 95 1
79 211 1
120 32 1
83 148 1
102 80 1
49 36 1
230 101 1
106 31 1
210 94 1
163 44 1
92 94 1
116 84 1
82 36 1
120 143 1
48 156 1
139 55 1
68 215 1
196 44 1
58 77 1
115 148 1
48 107 1
72 97 1
54 49 1
58 60 1
152 57 1
78 187 1
229 53 1
162 110 1
91 60 1
54 160 1
63 178 1
138 199 1
67 55 1
105 136 1
87 40 1
134 155 1
104 48 1
87 153 1
53 25 1
57 94 1
104 95 1
52 167 1
90 30 1
76 29 1
133 98 1
137 103 1
119 153 1
76 108 1
62 43 1
136 169 1
213 69 1
89 207 1
99 34 1
62 186 1
136 56 1
122 129 1
47 194 1
213 54 1
51 135 1
89 120 1
71 56 1
75 61 1
169 48 1
99 179 1
47 179 1
175 110 1
71 201 1
131 140 1
222 79 1
169 65 1
61 83 1
88 47 1
61 196 1
192 29 1
50 87 1
141 108 1
60 28 1
154 120 1
83 82 1
46 74 1
103 47 1
50 185 1
197 38 1
55 136 1
93 117 1
97 114 1
83 195 1
55 57 1
220 120 1
187 97 1
153 49 1
135 129 1
72 191 1
126 118 1
115 195 1
45 148 1
176 77 1
96 148 1
78 100 1
206 89 1
44 76 1
172 25 1
129 202 1
205 95 1
209 36 1
138 104 1
87 95 1
111 85 1
114 155 1
77 101 1
205 48 1
81 98 1
101 111 1
171 113 1
228 102 1
67 160 1
194 37 1
123 137 1
143 108 1
80 196 1
62 116 1
66 107 1
194 84 1
56 45 1
132 130 1
156 24 1
66 154 1
203 31 1
223 80 1
65 82 1
85 31 1
95 170 1
98 154 1
189 49 1
155 65 1
112 34 1
94 86 1
226 54 1
118 72 1
84 200 1
64 52 1
46 132 1
84 63 1
212 116 1
107 118 1
74 117 1
97 188 1
174 40 1
140 72 1
70 137 1
130 82 1
225 80 1
207 32 1
117 162 1
121 167 1
211 37 1
69 79 1
79 26 1
82 202 1
173 33 1
102 137 1
139 145 1
103 160 1
177 38 1
96 82 1
59 70 1
79 139 1
120 88 1
210 38 1
102 24 1
49 108 1
68 152 1
106 87 1
230 45 1
129 52 1
186 79 1
116 140 1
120 199 1
48 164 1
139 127 1
68 47 1
196 100 1
115 76 1
81 172 1
101 161 1
48 51 1
152 113 1
229 77 1
105 183 1
195 53 1
91 100 1
63 202 1
138 159 1
161 86 1
87 208 1
53 32 1
57 37 1
208 87 1
63 91 1
53 81 1
119 208 1
104 151 1
214 76 1
52 159 1
180 84 1
76 37 1
133 186 1
100 163 1
119 65 1
137 191 1
85 209 1
223 39 1
133 203 1
136 97 1
146 70 1
75 116 1
99 122 1
122 185 1
61 42 1
99 203 1
47 107 1
122 40 1
88 120 1
175 38 1
71 145 1
112 78 1
131 196 1
61 155 1
60 85 1
117 100 1
192 69 1
121 97 1
50 31 1
231 45 1
197 109 1
221 119 1
103 119 1
106 169 1
187 56 1
153 120 1
135 184 1
45 58 1
106 56 1
159 54 1
55 97 1
220 32 1
135 201 1
45 75 1
115 187 1
78 45 1
176 21 1
105 113 1
125 110 1
78 92 1
138 81 1
158 20 1
111 28 1
77 92 1
205 103 1
209 108 1
138 32 1
114 163 1
77 45 1
171 40 1
134 188 1
114 50 1
228 62 1
123 192 1
110 62 1
194 109 1
123 177 1
86 39 1
56 118 1
113 123 1
132 203 1
80 140 1
66 83 1
160 20 1
142 100 1
113 212 1
132 90 1
227 92 1
193 92 1
156 64 1
66 194 1
71 87 1
203 39 1
95 93 1
98 211 1
65 26 1
175 85 1
112 27 1
222 80 1
131 147 1
98 66 1
61 78 1
189 121 1
84 145 1
51 72 1
112 106 1
94 46 1
212 61 1
70 55 1
97 139 1
64 124 1
46 188 1
84 119 1
140 129 1
107 62 1
130 107 1
225 47 1
211 108 1
174 96 1
70 209 1
55 167 1
130 26 1
207 24 1
117 154 1
177 29 1
163 94 1
224 80 1
79 210 1
82 146 1
120 33 1
173 105 1
102 81 1
49 91 1
177 110 1
96 26 1
44 218 1
120 144 1
102 32 1
49 180 1
68 208 1
196 45 1
129 124 1
116 196 1
48 108 1
68 103 1
58 61 1
229 52 1
54 161 1
105 143 1
191 89 1
104 49 1
67 199 1
157 89 1
124 44 1
161 30 1
87 152 1
90 108 1
53 24 1
57 93 1
80 74 1
208 31 1
104 64 1
52 160 1
53 137 1
76 30 1
170 87 1
100 148 1
119 152 1
214 116 1
52 87 1
76 109 1
65 196 1
85 137 1
213 68 1
62 187 1
136 57 1
213 53 1
89 127 1
75 60 1
169 55 1
99 178 1
47 178 1
51 55 1
108 60 1
71 200 1
145 78 1
169 64 1
61 82 1
64 186 1
47 35 1
122 96 1
88 48 1
131 28 1
61 195 1
192 30 1
127 70 1
74 94 1
60 29 1
117 92 1
121 25 1
50 39 1
207 79 1
154 121 1
46 75 1
231 117 1
197 37 1
93 116 1
83 194 1
103 191 1
55 56 1
220 121 1
59 61 1
187 96 1
116 58 1
153 48 1
135 128 1
83 179 1
106 112 1
72 160 1
115 194 1
206 47 1
45 147 1
176 78 1
58 110 1
115 115 1
78 101 1
105 73 1
125 22 1
78 148 1
134 90 1
138 105 1
158 108 1
111 84 1
77 100 1
205 47 1
87 207 1
171 112 1
134 132 1
114 122 1
133 52 1
137 49 1
119 207 1
123 136 1
204 79 1
194 85 1
123 121 1
86 111 1
89 185 1
109 70 1
56 46 1
132 131 1
62 196 1
66 155 1
156 25 1
160 92 1
142 92 1
113 156 1
118 175 1
71 31 1
98 155 1
226 68 1
189 48 1
155 64 1
179 70 1
112 35 1
222 40 1
61 118 1
118 73 1
84 201 1
141 62 1
112 178 1
84 56 1
212 117 1
50 120 1
70 127 1
97 179 1
174 41 1
140 73 1
130 83 1
97 44 1
225 87 1
79 116 1
211 36 1
130 194 1
187 31 1
82 203 1
173 32 1
139 144 1
177 37 1
159 93 1
163 22 1
96 83 1
224 24 1
79 138 1
82 90 1
120 89 1
102 25 1
49 99 1
68 153 1
96 194 1
44 162 1
172 111 1
120 200 1
68 40 1
196 101 1
54 79 1
129 164 1
186 63 1
81 163 1
101 160 1
48 52 1
162 36 1
81 60 1
101 49 1
229 76 1
67 97 1
195 52 1
114 188 1
161 85 1
53 47 1
57 36 1
208 72 1
63 90 1
67 159 1
124 84 1
90 36 1
53 80 1
104 152 1
86 24 1
214 77 1
52 152 1
180 85 1
53 193 1
76 38 1
170 47 1
100 172 1
119 64 1
66 76 1
85 208 1
146 52 1
133 202 1
65 140 1
85 65 1
98 204 1
179 53 1
99 202 1
47 106 1
122 41 1
88 121 1
51 111 1
71 144 1
145 22 1
61 154 1
178 86 1
131 84 1
60 86 1
117 99 1
192 70 1
121 96 1
88 151 1
107 85 1
127 30 1
121 209 1
231 44 1
69 145 1
197 108 1
73 86 1
103 199 1
106 57 1
126 60 1
92 116 1
55 96 1
220 33 1
59 101 1
116 114 1
45 74 1
135 200 1
106 72 1
186 96 1
115 186 1
78 50 1
206 103 1
135 89 1
176 22 1
105 112 1
125 109 1
72 71 1
58 38 1
115 43 1
78 93 1
158 21 1
78 204 1
134 34 1
138 33 1
77 44 1
138 176 1
110 76 1
114 51 1
100 98 1
143 54 1
170 112 1
190 119 1
137 73 1
119 183 1
123 176 1
113 122 1
132 180 1
136 143 1
123 33 1
160 21 1
86 151 1
142 101 1
113 203 1
203 73 1
132 91 1
62 156 1
66 195 1
156 65 1
142 20 1
113 164 1
95 92 1
118 151 1
175 84 1
112 28 1
131 146 1
222 81 1
98 67 1
61 77 1
189 120 1
112 107 1
131 35 1
98 50 1
212 62 1
141 70 1
97 138 1
188 39 1
84 112 1
70 71 1
221 41 1
46 44 1
174 97 1
144 84 1
130 27 1
97 84 1
79 44 1
102 199 1
177 28 1
55 215 1
130 138 1
224 81 1
187 71 1
82 147 1
135 159 1
173 104 1
210 92 1
49 90 1
177 109 1
159 21 1
163 46 1
96 27 1
82 34 1
120 145 1
102 33 1
49 171 1
139 41 1
68 209 1
196 46 1
129 115 1
96 138 1
44 106 1
172 55 1
101 151 1
68 96 1
54 55 1
209 62 1
162 108 1
91 62 1
128 36 1
63 188 1
101 73 1
67 57 1
114 196 1
171 23 1
228 76 1
191 88 1
157 88 1
124 45 1
161 29 1
90 109 1
53 103 1
57 92 1
80 75 1
104 65 1
52 161 1
90 28 1
53 136 1
80 218 1
194 78 1
104 208 1
86 64 1
214 117 1
52 80 1
76 110 1
66 180 1
85 136 1
95 35 1
99 36 1
65 116 1
122 143 1
85 121 1
213 52 1
51 137 1
47 204 1
155 103 1
179 109 1
108 61 1
145 77 1
169 71 1
64 187 1
122 97 1
47 34 1
88 49 1
108 76 1
61 194 1
64 42 1
140 215 1
88 160 1
178 30 1
60 30 1
117 91 1
121 24 1
107 29 1
130 76 1
117 204 1
83 84 1
121 137 1
103 41 1
50 183 1
69 105 1
197 36 1
231 116 1
73 110 1
59 60 1
116 59 1
153 55 1
83 178 1
106 113 1
72 161 1
126 116 1
92 60 1
129 46 1
116 170 1
45 146 1
48 186 1
72 48 1
54 96 1
186 24 1
115 114 1
78 106 1
206 95 1
105 72 1
125 21 1
152 23 1
134 91 1
158 109 1
87 89 1
87 191 1
114 123 1
133 51 1
100 58 1
137 48 1
214 38 1
143 110 1
204 72 1
170 72 1
133 68 1
62 122 1
119 127 1
137 129 1
123 120 1
89 184 1
109 69 1
132 140 1
136 71 1
160 93 1
89 41 1
142 93 1
113 147 1
95 148 1
226 69 1
189 79 1
71 175 1
112 36 1
94 84 1
222 41 1
61 117 1
226 52 1
141 61 1
112 179 1
131 123 1
188 120 1
46 138 1
84 57 1
212 118 1
50 121 1
127 101 1
97 178 1
50 200 1
70 143 1
93 38 1
97 35 1
46 100 1
130 195 1
173 31 1
102 143 1
177 36 1
159 92 1
55 31 1
96 84 1
224 25 1
82 91 1
210 36 1
49 98 1
96 195 1
44 163 1
172 104 1
120 201 1
139 113 1
68 41 1
196 102 1
129 187 1
96 178 1
78 70 1
81 162 1
44 50 1
101 175 1
158 62 1
162 37 1
129 212 1
205 65 1
81 51 1
101 48 1
67 96 1
91 102 1
81 76 1
157 111 1
161 84 1
208 73 1
171 95 1
124 85 1
90 37 1
53 95 1
190 88 1
104 153 1
123 151 1
86 25 1
52 153 1
180 86 1
53 192 1
56 92 1
80 162 1
86 136 1
146 53 1
223 33 1
65 131 1
193 118 1
85 64 1
146 68 1
75 118 1
95 123 1
99 124 1
118 136 1
65 60 1
47 132 1
85 49 1
122 199 1
51 193 1
179 52 1
98 188 1
155 47 1
145 21 1
117 98 1
121 103 1
140 159 1
88 152 1
178 38 1
70 88 1
107 84 1
121 208 1
69 144 1
73 85 1
130 52 1
79 75 1
117 132 1
103 113 1
106 151 1
69 33 1
73 38 1
82 172 1
139 191 1
126 61 1
163 53 1
92 117 1
59 100 1
116 115 1
106 73 1
129 22 1
186 97 1
78 51 1
135 88 1
48 66 1
45 218 1
105 119 1
125 108 1
72 72 1
54 40 1
115 42 1
78 162 1
152 32 1
229 30 1
138 95 1
111 30 1
152 79 1
134 35 1
63 155 1
105 145 1
134 178 1
191 39 1
138 177 1
110 77 1
100 99 1
110 60 1
170 113 1
137 72 1
214 110 1
133 156 1
136 176 1
62 50 1
119 39 1
123 32 1
160 22 1
203 72 1
113 202 1
132 68 1
136 31 1
227 94 1
89 97 1
142 21 1
71 81 1
112 29 1
61 76 1
189 119 1
112 108 1
94 44 1
131 34 1
98 51 1
192 52 1
141 69 1
188 32 1
46 194 1
84 113 1
127 61 1
221 40 1
211 110 1
50 144 1
144 85 1
70 215 1
55 161 1
93 110 1
221 89 1
97 107 1
130 139 1
210 93 1
173 103 1
102 87 1
45 28 1
177 108 1
159 20 1
55 71 1
96 28 1
44 212 1
82 35 1
135 47 1
139 40 1
49 170 1
129 114 1
96 139 1
206 64 1
44 107 1
172 48 1
68 97 1
134 124 1
209 61 1
158 118 1
162 109 1
128 37 1
54 167 1
81 123 1
209 78 1
101 72 1
67 56 1
228 77 1
67 201 1
157 87 1
124 46 1
161 28 1
114 84 1
80 76 1
90 29 1
143 21 1
53 151 1
104 209 1
123 95 1
86 65 1
52 81 1
56 20 1
65 218 1
156 55 1
85 151 1
86 176 1
142 70 1
95 34 1
223 121 1
65 75 1
193 62 1
85 120 1
51 136 1
75 62 1
95 179 1
99 180 1
47 188 1
51 57 1
179 108 1
108 62 1
145 76 1
98 100 1
64 188 1
155 23 1
84 183 1
108 77 1
64 43 1
140 208 1
88 161 1
74 92 1
117 90 1
64 90 1
121 31 1
140 167 1
69 199 1
107 28 1
70 160 1
225 73 1
117 203 1
154 71 1
207 73 1
121 136 1
103 40 1
69 104 1
73 109 1
83 196 1
103 185 1
82 116 1
120 63 1
139 199 1
68 167 1
126 117 1
92 61 1
129 45 1
115 196 1
116 171 1
48 187 1
72 49 1
54 97 1
129 94 1
58 108 1
186 25 1
78 107 1
116 218 1
105 79 1
125 20 1
162 30 1
152 24 1
78 154 1
229 86 1
138 23 1
87 88 1
91 29 1
111 86 1
63 211 1
87 201 1
100 84 1
104 47 1
90 78 1
133 50 1
100 59 1
137 55 1
119 201 1
76 60 1
204 73 1
170 73 1
133 67 1
62 123 1
100 138 1
137 128 1
89 191 1
109 68 1
133 212 1
136 72 1
62 202 1
213 102 1
160 94 1
89 40 1
75 77 1
113 146 1
132 28 1
99 67 1
122 160 1
89 89 1
71 25 1
112 37 1
94 85 1
61 116 1
226 53 1
118 79 1
141 60 1
112 180 1
131 122 1
60 76 1
188 121 1
46 139 1
127 100 1
154 40 1
174 47 1
50 201 1
197 118 1
93 37 1
97 34 1
83 115 1
211 38 1
106 176 1
93 86 1
153 97 1
220 95 1
79 148 1
45 100 1
210 37 1
102 31 1
96 196 1
44 156 1
172 105 1
135 119 1
176 108 1
139 112 1
129 186 1
96 179 1
44 51 1
205 64 1
81 50 1
134 68 1
101 63 1
195 54 1
158 78 1
114 186 1
81 67 1
63 68 1
67 129 1
157 31 1
124 86 1
190 89 1
143 77 1
56 93 1
53 207 1
113 92 1
132 210 1
80 163 1
190 40 1
66 74 1
86 137 1
223 32 1
227 37 1
65 130 1
193 117 1
85 79 1
142 62 1
146 69 1
95 122 1
98 202 1
118 137 1
65 51 1
85 48 1
51 192 1
95 139 1
226 102 1
99 204 1
118 56 1
47 116 1
122 55 1
51 113 1
145 20 1
98 44 1
212 36 1
178 84 1
140 152 1
88 153 1
70 89 1
211 85 1
121 215 1
140 111 1
69 159 1
231 46 1
73 84 1
225 113 1
79 74 1
117 131 1
103 112 1
69 32 1
73 37 1
130 164 1
210 118 1
102 168 1
49 60 1
103 193 1
106 39 1
163 52 1
92 118 1
116 124 1
82 60 1
120 119 1
196 52 1
129 21 1
115 188 1
48 67 1
72 73 1
54 41 1
58 36 1
152 33 1
78 163 1
229 29 1
162 70 1
152 80 1
78 210 1
63 154 1
229 110 1
67 95 1
105 144 1
138 47 1
91 69 1
134 179 1
57 70 1
100 108 1
104 103 1
52 207 1
110 61 1
137 79 1
119 177 1
76 68 1
133 155 1
62 51 1
136 177 1
146 22 1
62 130 1
213 30 1
51 175 1
89 96 1
71 80 1
75 21 1
95 94 1
99 155 1
47 155 1
175 86 1
112 30 1
131 148 1
222 87 1
169 105 1
61 75 1
88 87 1
112 109 1
94 45 1
61 188 1
192 53 1
141 68 1
60 116 1
188 33 1
46 195 1
127 60 1
221 39 1
154 96 1
46 50 1
174 103 1
50 145 1
197 78 1
144 86 1
55 160 1
93 109 1
221 88 1
97 106 1
83 43 1
106 136 1
55 209 1
187 89 1
153 89 1
135 153 1
45 27 1
72 135 1
126 94 1
45 172 1
102 39 1
96 140 1
206 65 1
44 100 1
172 49 1
176 52 1
209 60 1
138 112 1
128 38 1
111 61 1
81 122 1
209 77 1
101 119 1
114 194 1
228 78 1
67 200 1
110 110 1
143 20 1
62 92 1
194 76 1
56 21 1
113 100 1
132 170 1
156 48 1
66 178 1
86 177 1
203 119 1
95 45 1
223 120 1
65 74 1
193 61 1
95 178 1
189 41 1
155 121 1
51 56 1
112 58 1
95 195 1
226 46 1
118 96 1
84 176 1
122 111 1
47 44 1
108 78 1
64 44 1
84 39 1
212 92 1
140 209 1
178 28 1
74 93 1
97 148 1
64 91 1
140 160 1
70 161 1
130 74 1
225 72 1
207 72 1
117 202 1
121 143 1
140 55 1
69 87 1
231 118 1
73 108 1
173 57 1
103 184 1
177 62 1
96 74 1
59 62 1
79 179 1
120 64 1
83 180 1
102 112 1
49 68 1
68 160 1
106 127 1
210 62 1
92 62 1
129 44 1
116 180 1
120 175 1
48 188 1
139 87 1
68 55 1
129 93 1
58 109 1
115 116 1
101 137 1
152 25 1
78 155 1
229 85 1
195 93 1
91 28 1
54 128 1
63 210 1
67 23 1
161 78 1
87 200 1
208 111 1
63 35 1
87 185 1
53 121 1
100 36 1
119 200 1
104 191 1
214 36 1
52 135 1
76 61 1
133 66 1
100 139 1
137 135 1
119 121 1
133 211 1
62 203 1
136 73 1
213 101 1
89 47 1
146 94 1
75 76 1
99 66 1
122 161 1
89 88 1
71 24 1
99 211 1
47 83 1
88 96 1
71 169 1
112 38 1
222 47 1
61 115 1
60 77 1
121 73 1
50 119 1
60 60 1
154 41 1
197 117 1
93 36 1
221 111 1
154 88 1
83 114 1
46 106 1
103 79 1
106 177 1
93 85 1
153 96 1
230 86 1
106 192 1
159 94 1
55 25 1
220 88 1
45 99 1
115 163 1
176 109 1
125 70 1
96 180 1
78 68 1
44 44 1
158 60 1
87 127 1
111 117 1
114 187 1
81 66 1
134 212 1
171 81 1
67 128 1
110 38 1
204 31 1
123 169 1
86 31 1
143 76 1
56 94 1
113 83 1
132 211 1
80 164 1
190 41 1
66 75 1
113 44 1
132 98 1
227 36 1
193 116 1
156 120 1
71 111 1
203 63 1
95 101 1
98 203 1
65 50 1
85 63 1
179 54 1
222 120 1
95 138 1
98 186 1
131 187 1
189 81 1
118 57 1
155 33 1
61 38 1
51 112 1
112 66 1
94 54 1
212 37 1
178 85 1
46 164 1
84 95 1
140 153 1
178 36 1
107 86 1
211 84 1
174 72 1
140 104 1
130 50 1
225 112 1
117 130 1
69 47 1
73 36 1
224 72 1
82 170 1
102 169 1
49 51 1
139 177 1
177 70 1
103 192 1
96 114 1
59 102 1
224 39 1
120 120 1
102 56 1
49 140 1
196 53 1
129 20 1
186 111 1
48 68 1
196 68 1
58 37 1
115 44 1
81 140 1
101 193 1
229 28 1
152 81 1
78 211 1
229 109 1
105 151 1
195 21 1
91 68 1
191 33 1
138 191 1
157 113 1
161 118 1
57 69 1
80 98 1
208 55 1
63 123 1
104 104 1
52 200 1
53 177 1
119 176 1
66 60 1
214 108 1
52 127 1
180 52 1
76 69 1
133 154 1
119 33 1
62 131 1
213 29 1
89 103 1
75 20 1
99 154 1
47 154 1
145 102 1
169 104 1
61 74 1
122 72 1
88 88 1
112 110 1
131 36 1
61 187 1
192 54 1
88 199 1
74 38 1
60 117 1
117 68 1
50 63 1
207 119 1
154 97 1
46 51 1
231 77 1
197 77 1
93 108 1
221 87 1
83 42 1
103 151 1
106 137 1
55 208 1
59 21 1
187 88 1
116 34 1
153 88 1
135 152 1
83 155 1
45 26 1
230 30 1
106 24 1
159 22 1
72 136 1
55 65 1
135 41 1
45 171 1
72 23 1
58 86 1
115 155 1
176 53 1
105 81 1
78 188 1
134 114 1
138 113 1
158 116 1
111 60 1
209 76 1
138 192 1
87 39 1
114 195 1
134 156 1
114 82 1
137 25 1
204 39 1
194 77 1
123 81 1
86 71 1
89 161 1
109 94 1
56 22 1
113 27 1
132 171 1
62 44 1
66 179 1
156 49 1
160 52 1
142 68 1
95 44 1
132 58 1
193 60 1
71 55 1
189 40 1
155 120 1
175 117 1
179 110 1
112 59 1
222 48 1
95 194 1
98 98 1
61 110 1
118 97 1
84 177 1
141 22 1
112 138 1
188 87 1
84 32 1
212 93 1
50 80 1
178 29 1
70 23 1
97 171 1
64 92 1
140 161 1
107 30 1
144 36 1
130 75 1
225 79 1
140 48 1
55 135 1
173 56 1
177 61 1
159 101 1
96 75 1
224 112 1
79 178 1
82 114 1
120 65 1
173 73 1
102 113 1
49 123 1
68 161 1
129 35 1
96 58 1
44 186 1
120 176 1
49 212 1
68 48 1
54 103 1
129 92 1
186 39 1
81 187 1
101 136 1
68 71 1
162 28 1
81 212 1
101 25 1
229 84 1
195 92 1
54 129 1
114 148 1
161 77 1
208 96 1
63 34 1
191 121 1
67 167 1
157 57 1
124 76 1
161 62 1
90 76 1
53 120 1
87 184 1
80 42 1
194 62 1
104 160 1
214 37 1
52 128 1
76 62 1
170 55 1
100 180 1
119 120 1
66 100 1
104 207 1
52 55 1
133 210 1
65 164 1
85 169 1
213 100 1
223 95 1
89 95 1
169 23 1
99 210 1
47 82 1
88 97 1
51 23 1
108 28 1
71 168 1
145 46 1
61 114 1
64 154 1
131 124 1
60 78 1
121 72 1
88 191 1
107 109 1
127 102 1
60 61 1
117 60 1
121 57 1
50 199 1
69 185 1
197 116 1
207 47 1
154 89 1
46 107 1
93 84 1
153 103 1
106 193 1
92 108 1
55 24 1
220 89 1
59 93 1
116 26 1
45 98 1
48 202 1
230 38 1
106 80 1
72 192 1
186 72 1
115 162 1
135 113 1
176 110 1
125 69 1
72 47 1
115 83 1
78 69 1
105 41 1
158 61 1
125 54 1
134 58 1
158 76 1
111 116 1
138 152 1
171 80 1
100 74 1
204 24 1
190 95 1
119 175 1
137 81 1
123 168 1
113 82 1
204 111 1
136 151 1
123 25 1
86 143 1
89 153 1
109 38 1
113 35 1
132 99 1
156 121 1
142 60 1
113 188 1
95 100 1
118 143 1
131 186 1
222 121 1
98 187 1
61 37 1
189 80 1
226 100 1
155 32 1
175 45 1
112 67 1
131 203 1
98 42 1
212 38 1
141 94 1
112 210 1
188 31 1
84 88 1
50 24 1
178 37 1
70 95 1
97 211 1
174 73 1
140 105 1
144 108 1
130 51 1
97 76 1
225 119 1
79 84 1
55 207 1
130 162 1
224 73 1
187 63 1
82 171 1
210 116 1
135 183 1
139 176 1
177 69 1
49 50 1
159 61 1
163 54 1
96 115 1
224 56 1
82 58 1
120 121 1
102 57 1
49 131 1
196 54 1
129 107 1
78 54 1
44 130 1
172 79 1
196 69 1
54 47 1
129 132 1
81 131 1
101 192 1
162 68 1
128 92 1
81 28 1
63 132 1
101 81 1
229 108 1
67 65 1
195 20 1
171 47 1
228 84 1
191 32 1
157 112 1
161 117 1
57 68 1
80 99 1
208 40 1
63 122 1
104 105 1
123 199 1
124 116 1
52 201 1
53 176 1
194 102 1
86 56 1
214 109 1
52 120 1
180 53 1
76 70 1
119 32 1
66 172 1
146 20 1
65 108 1
85 97 1
213 28 1
51 177 1
179 21 1
145 101 1
169 111 1
122 73 1
88 89 1
51 79 1
108 100 1
61 186 1
64 194 1
88 200 1
178 118 1
70 40 1
60 118 1
117 67 1
107 53 1
127 62 1
130 100 1
50 143 1
69 113 1
197 76 1
231 76 1
73 118 1
163 69 1
59 20 1
116 35 1
153 95 1
83 154 1
106 25 1
72 137 1
126 92 1
92 84 1
55 64 1
116 82 1
45 170 1
48 146 1
135 40 1
72 24 1
115 154 1
206 71 1
176 54 1
105 80 1
72 103 1
152 63 1
134 115 1
158 117 1
138 193 1
87 151 1
110 108 1
114 83 1
137 24 1
214 30 1
143 22 1
204 32 1
170 80 1
133 108 1
136 192 1
62 66 1
119 151 1
137 105 1
190 23 1
123 80 1
89 160 1
109 93 1
113 26 1
132 148 1
136 175 1
160 53 1
86 183 1
142 69 1
89 209 1
203 105 1
132 59 1
62 188 1
95 188 1
189 39 1
175 116 1
71 199 1
112 60 1
222 49 1
98 99 1
61 109 1
226 44 1
141 21 1
112 139 1
188 80 1
84 33 1
212 94 1
50 81 1
141 102 1
127 77 1
97 170 1
50 32 1
70 167 1
144 37 1
97 27 1
46 76 1
140 49 1
97 116 1
173 55 1
177 60 1
159 100 1
55 55 1
96 76 1
224 113 1
187 103 1
82 115 1
210 60 1
173 72 1
49 122 1
129 34 1
96 59 1
206 48 1
44 187 1
120 177 1
139 73 1
68 49 1
49 203 1
129 83 1
96 170 1
78 110 1
81 186 1
44 74 1
172 23 1
101 183 1
68 64 1
162 29 1
54 23 1
129 204 1
205 89 1
81 203 1
209 30 1
101 24 1
91 30 1
81 100 1
101 105 1
67 25 1
161 76 1
208 97 1
171 119 1
228 108 1
191 120 1
157 56 1
124 77 1
161 61 1
90 77 1
53 71 1
80 43 1
104 161 1
123 143 1
52 129 1
56 68 1
80 186 1
85 199 1
86 96 1
52 48 1
65 187 1
193 110 1
66 148 1
85 168 1
146 92 1
75 78 1
99 68 1
118 160 1
65 84 1
122 175 1
85 25 1
98 148 1
155 71 1
179 77 1
108 29 1
145 45 1
64 155 1
121 79 1
88 128 1
178 62 1
70 112 1
107 108 1
60 62 1
117 59 1
154 55 1
121 56 1
69 184 1
130 44 1
79 115 1
117 172 1
83 116 1
121 169 1
103 73 1
106 191 1
69 73 1
82 196 1
139 151 1
230 84 1
163 29 1
92 109 1
59 92 1
116 27 1
153 23 1
48 203 1
106 81 1
72 193 1
92 28 1
186 73 1
116 138 1
135 112 1
48 90 1
125 68 1
72 80 1
54 64 1
186 56 1
115 82 1
78 74 1
105 40 1
125 53 1
152 119 1
134 59 1
105 185 1
158 77 1
87 121 1
134 202 1
138 153 1
100 75 1
110 36 1
204 25 1
100 218 1
137 80 1
214 70 1
143 78 1
204 104 1
170 40 1
133 164 1
136 152 1
190 47 1
119 95 1
137 161 1
62 26 1
123 24 1
89 152 1
109 37 1
113 34 1
132 108 1
136 103 1
227 38 1
142 61 1
71 105 1
113 179 1
203 49 1
61 36 1
189 111 1
118 63 1
226 101 1
175 44 1
71 143 1
112 68 1
94 52 1
131 202 1
98 43 1
192 44 1
141 93 1
112 211 1
131 91 1
188 24 1
46 170 1
84 89 1
50 25 1
97 210 1
211 86 1
144 109 1
221 113 1
97 67 1
130 163 1
79 196 1
45 52 1
210 117 1
102 175 1
177 68 1
159 60 1
55 127 1
96 116 1
224 57 1
82 59 1
135 199 1
49 130 1
129 106 1
206 104 1
44 131 1
172 72 1
196 70 1
129 155 1
81 130 1
101 207 1
158 30 1
162 69 1
128 93 1
77 86 1
205 97 1
209 102 1
101 80 1
67 64 1
91 70 1
228 85 1
157 79 1
67 209 1
161 116 1
114 44 1
80 100 1
208 41 1
228 36 1
124 117 1
143 61 1
53 191 1
190 120 1
66 58 1
123 183 1
86 57 1
52 121 1
180 54 1
80 130 1
156 47 1
86 168 1
142 110 1
146 21 1
65 99 1
193 86 1
85 96 1
51 176 1
75 22 1
95 91 1
99 156 1
65 28 1
47 164 1
51 33 1
179 20 1
145 100 1
98 92 1
84 159 1
108 101 1
64 195 1
88 201 1
70 41 1
74 36 1
117 66 1
64 114 1
140 191 1
107 52 1
70 184 1
225 33 1
207 113 1
154 111 1
69 112 1
73 117 1
79 43 1
83 44 1
103 145 1
163 68 1
116 44 1
82 140 1
120 39 1
230 28 1
126 93 1
92 85 1
116 83 1
48 147 1
72 25 1
129 118 1
58 84 1
116 194 1
48 98 1
105 87 1
72 104 1
78 130 1
229 62 1
138 127 1
91 53 1
111 62 1
63 187 1
87 33 1
134 146 1
191 71 1
104 55 1
90 118 1
110 109 1
137 31 1
76 20 1
204 33 1
170 81 1
133 107 1
62 67 1
100 146 1
137 104 1
136 193 1
89 167 1
109 92 1
136 80 1
62 210 1
213 78 1
160 54 1
89 208 1
203 104 1
95 46 1
132 36 1
99 43 1
136 63 1
122 136 1
47 203 1
89 65 1
71 49 1
169 57 1
112 61 1
95 204 1
61 108 1
226 45 1
118 103 1
141 20 1
112 140 1
188 81 1
192 20 1
141 101 1
127 76 1
174 23 1
50 33 1
144 38 1
97 26 1
83 91 1
50 176 1
55 129 1
93 78 1
220 119 1
79 188 1
45 124 1
173 71 1
102 119 1
210 61 1
96 60 1
206 49 1
44 180 1
176 68 1
139 72 1
49 202 1
129 82 1
96 171 1
44 75 1
68 65 1
129 195 1
205 88 1
81 202 1
209 29 1
134 92 1
195 94 1
158 86 1
54 135 1
114 146 1
77 30 1
205 41 1
81 91 1
101 104 1
67 24 1
228 109 1
63 44 1
67 169 1
157 55 1
124 78 1
161 60 1
114 116 1
80 44 1
194 60 1
143 117 1
56 69 1
80 187 1
190 48 1
66 98 1
123 127 1
86 97 1
52 49 1
56 52 1
65 186 1
193 109 1
156 23 1
85 183 1
86 208 1
142 38 1
146 93 1
223 89 1
118 161 1
65 43 1
193 30 1
85 24 1
95 147 1
226 94 1
99 212 1
118 208 1
47 92 1
122 31 1
51 25 1
179 76 1
108 30 1
145 44 1
64 156 1
84 215 1
88 129 1
70 113 1
117 58 1
121 63 1
140 71 1
69 167 1
70 128 1
225 105 1
79 114 1
117 171 1
207 41 1
121 168 1
103 72 1
69 72 1
102 128 1
230 85 1
106 207 1
163 28 1
92 110 1
116 100 1
82 84 1
120 95 1
48 204 1
230 36 1
68 135 1
92 29 1
115 164 1
116 139 1
48 91 1
72 81 1
54 65 1
186 57 1
78 75 1
48 42 1
105 47 1
125 52 1
162 62 1
152 120 1
229 118 1
67 103 1
105 184 1
138 55 1
87 120 1
111 118 1
134 203 1
53 41 1
57 46 1
100 116 1
90 46 1
110 37 1
137 87 1
119 169 1
76 92 1
204 105 1
170 41 1
133 163 1
136 153 1
100 170 1
137 160 1
62 27 1
89 159 1
109 36 1
146 46 1
136 104 1
71 104 1
75 109 1
113 178 1
203 48 1
95 102 1
99 99 1
47 131 1
122 192 1
131 188 1
169 113 1
61 35 1
88 127 1
112 69 1
94 53 1
61 148 1
192 45 1
141 92 1
112 212 1
131 90 1
60 108 1
188 25 1
192 92 1
46 171 1
46 26 1
174 79 1
103 31 1
197 86 1
144 110 1
221 112 1
97 66 1
106 144 1
55 201 1
187 49 1
153 65 1
135 177 1
45 51 1
126 38 1
220 63 1
45 68 1
102 63 1
78 52 1
206 105 1
44 124 1
172 73 1
135 87 1
129 154 1
138 88 1
128 94 1
111 37 1
77 85 1
205 96 1
209 101 1
134 36 1
101 95 1
195 22 1
114 218 1
77 38 1
171 33 1
228 86 1
67 208 1
110 86 1
228 37 1
63 100 1
124 118 1
143 60 1
190 121 1
66 59 1
194 100 1
113 124 1
132 178 1
80 131 1
156 40 1
66 170 1
123 39 1
86 169 1
203 79 1
95 53 1
227 69 1
65 98 1
193 85 1
156 95 1
85 111 1
142 30 1
95 90 1
51 32 1
118 24 1
84 152 1
122 87 1
51 81 1
108 102 1
64 196 1
212 68 1
178 116 1
74 37 1
97 140 1
64 115 1
140 184 1
70 185 1
130 98 1
225 32 1
207 112 1
211 117 1
231 78 1
69 127 1
70 200 1
73 116 1
79 42 1
103 144 1
177 22 1
130 132 1
59 22 1
224 87 1
120 40 1
83 156 1
102 72 1
49 92 1
230 29 1
210 86 1
92 86 1
116 92 1
82 28 1
120 151 1
48 148 1
139 47 1
196 20 1
129 117 1
58 85 1
115 156 1
116 195 1
101 145 1
48 99 1
72 105 1
78 131 1
229 61 1
195 101 1
162 102 1
91 52 1
54 184 1
63 186 1
138 207 1
67 63 1
87 32 1
134 147 1
104 56 1
87 145 1
53 97 1
57 102 1
104 71 1
214 28 1
52 175 1
180 100 1
76 21 1
133 106 1
100 147 1
137 111 1
119 145 1
76 100 1
136 81 1
62 211 1
213 77 1
89 215 1
146 118 1
99 42 1
62 162 1
136 32 1
122 137 1
47 202 1
213 62 1
51 143 1
89 64 1
71 48 1
75 53 1
169 56 1
99 187 1
47 187 1
175 118 1
71 193 1
112 62 1
222 55 1
169 73 1
61 107 1
88 55 1
192 21 1
50 79 1
141 100 1
60 20 1
231 29 1
154 64 1
83 90 1
46 82 1
103 39 1
50 177 1
197 46 1
55 128 1
93 77 1
83 203 1
159 102 1
55 49 1
220 112 1
187 121 1
153 57 1
45 123 1
72 167 1
115 203 1
45 140 1
176 69 1
96 172 1
78 108 1
44 68 1
129 194 1
205 87 1
209 28 1
87 87 1
111 93 1
114 147 1
77 29 1
205 40 1
81 90 1
171 105 1
228 110 1
67 168 1
194 61 1
123 129 1
143 116 1
56 70 1
80 188 1
62 124 1
190 49 1
66 99 1
56 53 1
132 138 1
193 108 1
66 146 1
86 209 1
203 23 1
223 88 1
65 42 1
193 29 1
85 39 1
95 146 1
98 146 1
61 30 1
189 73 1
118 209 1
155 89 1
51 24 1
112 90 1
94 94 1
118 64 1
84 208 1
46 140 1
84 71 1
178 60 1
107 110 1
97 180 1
174 48 1
140 64 1
70 129 1
130 42 1
225 104 1
207 40 1
117 170 1
211 45 1
121 175 1
69 55 1
82 194 1
173 25 1
102 129 1
139 137 1
177 94 1
96 106 1
59 94 1
224 31 1
79 147 1
120 96 1
210 30 1
49 100 1
68 128 1
106 95 1
230 37 1
92 30 1
186 87 1
116 148 1
120 207 1
48 92 1
139 119 1
68 23 1
196 108 1
115 84 1
81 164 1
101 169 1
48 43 1
152 121 1
229 117 1
105 191 1
195 61 1
138 135 1
157 105 1
161 110 1
53 40 1
57 45 1
80 122 1
208 79 1
63 67 1
104 112 1
53 89 1
100 196 1
119 168 1
104 159 1
214 68 1
52 103 1
180 92 1
76 93 1
133 162 1
100 171 1
119 89 1
137 167 1
223 47 1
136 105 1
75 108 1
99 98 1
47 130 1
122 193 1
51 199 1
169 112 1
61 34 1
47 115 1
122 48 1
88 64 1
175 46 1
71 137 1
112 70 1
131 204 1
61 147 1
192 46 1
60 109 1
117 108 1
192 93 1
121 105 1
50 23 1
46 27 1
231 37 1
197 85 1
221 79 1
103 111 1
106 145 1
55 200 1
187 48 1
153 64 1
135 176 1
83 131 1
45 50 1
230 118 1
106 32 1
159 62 1
72 144 1
55 121 1
220 56 1
135 193 1
45 67 1
115 131 1
78 53 1
45 212 1
105 121 1
125 102 1
78 164 1
138 89 1
158 28 1
111 36 1
77 84 1
205 31 1
209 100 1
138 40 1
87 31 1
77 37 1
171 32 1
134 180 1
114 42 1
228 38 1
204 63 1
194 101 1
123 73 1
86 63 1
109 118 1
113 115 1
132 179 1
80 132 1
62 52 1
66 171 1
156 41 1
160 44 1
142 108 1
113 204 1
95 52 1
132 66 1
227 68 1
193 84 1
156 88 1
66 218 1
71 79 1
95 69 1
175 93 1
179 22 1
222 88 1
131 155 1
98 90 1
61 70 1
189 113 1
118 25 1
84 153 1
51 80 1
112 98 1
94 22 1
188 79 1
212 69 1
178 117 1
70 47 1
97 131 1
64 116 1
46 196 1
84 127 1
140 185 1
107 54 1
144 60 1
130 99 1
225 39 1
211 116 1
174 104 1
70 201 1
55 191 1
177 21 1
163 70 1
224 104 1
79 218 1
82 138 1
120 41 1
173 97 1
102 73 1
49 83 1
177 102 1
139 209 1
44 210 1
120 152 1
49 172 1
196 21 1
129 116 1
116 204 1
101 144 1
48 100 1
68 111 1
229 60 1
195 100 1
54 185 1
208 120 1
191 65 1
104 57 1
67 207 1
157 81 1
124 36 1
161 22 1
87 144 1
53 96 1
90 116 1
57 101 1
80 66 1
208 23 1
104 72 1
214 29 1
52 168 1
180 101 1
53 145 1
76 22 1
170 95 1
100 156 1
119 144 1
66 28 1
104 215 1
52 95 1
180 20 1
76 101 1
85 145 1
213 76 1
223 103 1
62 163 1
136 33 1
213 61 1
89 71 1
75 52 1
169 63 1
99 186 1
47 186 1
51 63 1
108 52 1
71 192 1
145 70 1
169 72 1
61 106 1
64 178 1
47 43 1
122 104 1
88 56 1
192 22 1
88 167 1
127 78 1
74 70 1
60 21 1
117 36 1
121 33 1
231 28 1
69 193 1
207 87 1
154 65 1
46 83 1
231 109 1
197 45 1
93 76 1
83 202 1
103 183 1
55 48 1
220 113 1
59 53 1
187 120 1
153 56 1
45 122 1
83 187 1
230 62 1
106 120 1
72 168 1
115 202 1
206 55 1
45 139 1
176 70 1
72 55 1
58 118 1
115 123 1
78 109 1
105 49 1
125 46 1
78 156 1
134 82 1
158 84 1
111 92 1
77 28 1
205 39 1
87 199 1
171 104 1
100 82 1
114 114 1
133 60 1
137 57 1
119 199 1
123 128 1
204 71 1
123 113 1
86 103 1
89 129 1
109 62 1
56 54 1
113 59 1
132 139 1
62 204 1
66 147 1
160 84 1
142 36 1
113 148 1
132 26 1
118 167 1
193 28 1
71 23 1
98 147 1
61 29 1
189 72 1
226 92 1
155 88 1
175 21 1
179 78 1
112 91 1
131 211 1
118 65 1
84 209 1
141 54 1
112 170 1
188 119 1
84 64 1
50 112 1
178 61 1
70 119 1
97 203 1
174 49 1
140 65 1
130 43 1
97 36 1
225 111 1
79 124 1
211 44 1
130 218 1
187 23 1
82 195 1
173 24 1
139 136 1
177 93 1
159 69 1
163 30 1
96 107 1
79 146 1
82 82 1
120 97 1
49 155 1
68 129 1
139 25 1
96 218 1
44 154 1
172 103 1
120 208 1
196 109 1
54 71 1
129 188 1
81 155 1
101 168 1
48 44 1
162 60 1
128 116 1
81 52 1
101 57 1
229 116 1
67 105 1
195 60 1
114 180 1
157 104 1
161 109 1
53 55 1
57 44 1
80 123 1
208 64 1
63 66 1
104 113 1
67 135 1
157 25 1
124 108 1
90 44 1
53 88 1
104 128 1
194 30 1
214 69 1
52 96 1
180 93 1
53 201 1
76 94 1
170 23 1
119 88 1
66 68 1
52 23 1
146 44 1
65 132 1
85 73 1
98 196 1
179 61 1
169 119 1
47 114 1
122 49 1
88 65 1
51 119 1
71 136 1
61 146 1
178 78 1
131 92 1
60 110 1
117 107 1
192 94 1
121 104 1
88 159 1
107 77 1
117 28 1
103 25 1
231 36 1
69 153 1
197 84 1
73 94 1
153 71 1
83 130 1
106 33 1
72 145 1
126 36 1
92 76 1
55 120 1
220 57 1
116 122 1
45 66 1
135 192 1
186 104 1
115 130 1
78 58 1
206 111 1
135 81 1
45 211 1
105 120 1
125 101 1
72 79 1
58 46 1
115 51 1
152 39 1
158 29 1
78 212 1
134 26 1
138 41 1
77 36 1
138 184 1
87 143 1
110 84 1
114 43 1
100 106 1
143 62 1
204 56 1
170 120 1
133 116 1
119 143 1
137 113 1
123 72 1
109 117 1
113 114 1
132 188 1
136 183 1
123 57 1
160 45 1
86 175 1
142 109 1
113 195 1
203 65 1
132 67 1
62 132 1
156 89 1
142 28 1
95 68 1
189 31 1
175 92 1
112 20 1
131 154 1
222 89 1
98 91 1
61 69 1
189 112 1
112 99 1
131 43 1
188 72 1
212 70 1
127 85 1
97 130 1
188 63 1
84 120 1
50 56 1
70 191 1
144 61 1
221 33 1
46 52 1
174 105 1
144 76 1
97 108 1
79 52 1
177 20 1
55 47 1
130 130 1
224 105 1
187 95 1
82 139 1
135 151 1
173 96 1
210 84 1
49 82 1
177 101 1
139 208 1
159 29 1
44 211 1
82 26 1
120 153 1
49 163 1
139 33 1
196 22 1
129 75 1
96 130 1
78 22 1
44 98 1
172 47 1
101 159 1
68 104 1
209 54 1
162 100 1
91 54 1
128 60 1
81 124 1
63 164 1
101 113 1
67 33 1
208 121 1
228 116 1
191 64 1
157 80 1
124 37 1
161 21 1
90 117 1
53 111 1
57 100 1
80 67 1
104 73 1
52 169 1
180 102 1
53 144 1
80 210 1
194 70 1
86 88 1
52 88 1
180 21 1
76 102 1
65 211 1
66 140 1
85 144 1
146 116 1
95 43 1
99 44 1
65 76 1
122 151 1
47 212 1
213 60 1
51 145 1
98 140 1
179 117 1
108 53 1
145 69 1
169 79 1
64 179 1
122 105 1
47 42 1
88 57 1
108 68 1
61 218 1
64 34 1
140 207 1
88 168 1
178 22 1
60 22 1
117 35 1
121 32 1
69 192 1
107 21 1
130 68 1
117 212 1
83 92 1
121 145 1
103 33 1
50 175 1
69 81 1
197 44 1
231 108 1
73 22 1
163 101 1
59 52 1
153 63 1
83 186 1
106 121 1
72 169 1
92 52 1
129 38 1
116 178 1
45 138 1
48 178 1
72 56 1
54 120 1
186 32 1
115 122 1
78 114 1
105 48 1
125 45 1
152 31 1
134 83 1
105 193 1
158 85 1
87 81 1
191 23 1
100 83 1
87 183 1
114 115 1
133 59 1
100 34 1
137 56 1
214 62 1
143 118 1
204 64 1
170 48 1
133 76 1
62 98 1
190 55 1
119 119 1
137 137 1
123 112 1
89 128 1
109 61 1
113 58 1
132 116 1
136 79 1
160 85 1
86 215 1
142 37 1
89 49 1
113 139 1
132 27 1
95 156 1
61 28 1
189 71 1
118 215 1
226 93 1
175 20 1
71 167 1
112 92 1
94 92 1
131 210 1
141 53 1
112 171 1
131 99 1
188 112 1
46 146 1
84 65 1
50 113 1
127 109 1
97 202 1
50 192 1
70 135 1
93 62 1
221 105 1
97 59 1
46 108 1
173 23 1
102 135 1
177 92 1
159 68 1
55 23 1
96 108 1
82 83 1
210 28 1
139 24 1
49 154 1
44 155 1
172 96 1
120 209 1
139 105 1
196 110 1
129 179 1
78 78 1
81 154 1
44 42 1
101 215 1
158 38 1
162 61 1
128 117 1
205 121 1
81 43 1
101 56 1
67 104 1
81 68 1
157 103 1
161 108 1
80 124 1
208 65 1
171 87 1
157 24 1
124 109 1
90 45 1
143 37 1
53 167 1
190 64 1
104 129 1
123 175 1
52 97 1
180 94 1
53 200 1
56 100 1
80 154 1
86 128 1
146 45 1
223 41 1
65 155 1
193 78 1
85 72 1
75 110 1
95 99 1
99 100 1
118 128 1
65 52 1
47 140 1
85 57 1
122 207 1
51 201 1
179 60 1
98 180 1
155 39 1
84 135 1
117 106 1
64 106 1
121 111 1
140 151 1
107 76 1
70 80 1
225 25 1
117 27 1
154 23 1
103 24 1
69 152 1
73 93 1
79 83 1
117 140 1
102 208 1
103 105 1
106 159 1
69 41 1
73 46 1
82 164 1
139 183 1
230 116 1
126 37 1
163 61 1
92 77 1
116 123 1
129 110 1
186 105 1
78 59 1
135 80 1
48 122 1
45 210 1
105 127 1
125 100 1
72 112 1
54 32 1
115 50 1
78 170 1
152 40 1
138 71 1
91 45 1
111 38 1
152 87 1
134 27 1
63 131 1
105 153 1
87 25 1
134 170 1
191 47 1
138 185 1
110 85 1
100 107 1
204 57 1
170 121 1
133 115 1
137 112 1
214 102 1
109 116 1
133 132 1
136 184 1
62 58 1
119 63 1
137 193 1
123 56 1
160 46 1
113 194 1
203 64 1
95 54 1
132 76 1
99 51 1
227 70 1
89 105 1
142 29 1
71 73 1
112 21 1
95 212 1
61 68 1
118 31 1
112 100 1
94 20 1
131 42 1
188 73 1
127 84 1
188 56 1
46 202 1
84 121 1
50 57 1
144 62 1
127 37 1
221 32 1
83 67 1
211 118 1
50 136 1
144 77 1
70 207 1
55 185 1
93 102 1
221 81 1
97 99 1
220 111 1
130 131 1
79 164 1
210 85 1
173 95 1
102 79 1
177 100 1
159 28 1
55 95 1
44 204 1
82 27 1
135 39 1
176 92 1
139 32 1
49 162 1
129 74 1
96 131 1
206 72 1
44 99 1
172 40 1
68 105 1
209 53 1
134 116 1
195 102 1
162 101 1
128 61 1
54 191 1
77 118 1
81 115 1
209 70 1
101 112 1
67 32 1
63 52 1
228 117 1
67 177 1
157 47 1
124 38 1
161 20 1
114 76 1
80 68 1
143 29 1
53 159 1
80 211 1
190 24 1
66 26 1
123 87 1
86 89 1
52 89 1
180 22 1
56 28 1
227 21 1
65 210 1
85 159 1
86 200 1
142 78 1
146 117 1
95 42 1
223 97 1
65 67 1
193 54 1
51 144 1
75 54 1
95 187 1
99 188 1
118 200 1
47 68 1
179 116 1
108 54 1
145 68 1
98 124 1
64 180 1
84 191 1
108 69 1
64 35 1
140 200 1
88 169 1
74 68 1
117 34 1
64 82 1
121 39 1
140 95 1
69 207 1
107 20 1
70 152 1
231 30 1
225 65 1
117 211 1
154 79 1
207 81 1
121 144 1
103 32 1
69 80 1
73 21 1
83 204 1
102 152 1
103 177 1
106 215 1
163 100 1
82 108 1
120 71 1
230 60 1
68 175 1
92 53 1
129 37 1
115 204 1
116 179 1
48 179 1
72 57 1
54 121 1
129 86 1
58 116 1
186 33 1
78 115 1
105 55 1
125 44 1
162 22 1
152 96 1
229 94 1
138 31 1
105 192 1
87 80 1
91 21 1
111 94 1
87 193 1
57 22 1
100 92 1
191 103 1
104 23 1
90 86 1
133 58 1
100 35 1
137 63 1
119 193 1
76 52 1
204 65 1
170 49 1
133 75 1
62 99 1
100 178 1
137 136 1
89 135 1
109 60 1
136 112 1
213 110 1
160 86 1
89 48 1
75 69 1
113 138 1
99 75 1
122 168 1
169 25 1
61 27 1
88 103 1
112 93 1
94 93 1
61 140 1
118 71 1
141 52 1
112 172 1
131 98 1
60 68 1
188 113 1
192 116 1
46 147 1
127 108 1
154 48 1
174 55 1
50 193 1
93 61 1
221 104 1
97 58 1
83 123 1
211 46 1
106 184 1
187 41 1
153 105 1
220 87 1
79 156 1
45 92 1
210 29 1
102 23 1
44 148 1
172 97 1
135 111 1
176 100 1
139 104 1
129 178 1
44 43 1
128 118 1
205 120 1
81 42 1
134 60 1
101 39 1
195 62 1
114 178 1
77 62 1
171 57 1

34 7 0
14 17 0
14 74 0
55 5 0
36 6 0
15 89 0
16 9 0
17 7 0
37 7 0
12 89 0
11 73 0
15 74 0
13 17 0
20 7 0
11 90 0
16 90 0
15 50 0
22 6 0
21 6 0
104 6 0
16 50 0
13 32 0
105 7 0
11 48 0
12 40 0
13 98 0
14 80 0
88 7 0
12 64 0
14 18 0
13 58 0
89 6 0
86 5 0
16 65 0
90 5 0
12 17 0
15 73 0
16 25 0
13 73 0
73 5 0
11 89 0
15 49 0
12 34 0
11 42 0
15 34 0
11 104 0
15 96 0
14 24 0
13 48 0
12 56 0
14 64 0
12 80 0
85 6 0
86 6 0
90 6 0
13 10 0
72 5 0
87 7 0
16 81 0
14 49 0
70 7 0
69 5 0
51 6 0
12 97 0
16 41 0
13 89 0
11 98 0
11 41 0
56 6 0
71 6 0
15 33 0
12 50 0
11 58 0
13 104 0
12 74 0
15 16 0
14 8 0
38 5 0
12 8 0
11 16 0
16 16 0
13 66 0
68 5 0
14 50 0
13 26 0
51 5 0
16 97 0
14 33 0
71 5 0
11 97 0
52 6 0
16 57 0
13 41 0
11 57 0
53 7 0
15 26 0
11 10 0
36 7 0
15 88 0
16 10 0
17 6 0
38 6 0
11 72 0
19 7 0
37 6 0
16 72 0
18 5 0
14 56 0
13 16 0
12 24 0
39 7 0
12 90 0
16 32 0
22 7 0
21 5 0
104 7 0
13 82 0
14 96 0
14 34 0
105 6 0
12 41 0
102 5 0
107 7 0
13 97 0
106 5 0
12 65 0
14 81 0
15 25 0
13 57 0
11 66 0
11 9 0
89 5 0
16 66 0
15 10 0
12 18 0
11 26 0
18 6 0
15 72 0
16 26 0
13 72 0
20 5 0
11 88 0
16 88 0
15 48 0
14 40 0
12 104 0
16 48 0
13 34 0
102 6 0
14 25 0
106 6 0
88 5 0
14 82 0
103 7 0
12 57 0
14 65 0
11 65 0
12 81 0
85 5 0
86 7 0
15 9 0
90 7 0
13 9 0
87 6 0
11 25 0
11 82 0
16 82 0
15 58 0
73 7 0
72 6 0
12 98 0
16 42 0
56 7 0
13 88 0
12 32 0
11 40 0
16 104 0
15 32 0
14 88 0
54 5 0
14 26 0
13 50 0
14 9 0
14 66 0
12 9 0
15 81 0
16 17 0
13 65 0
11 81 0
87 5 0
68 6 0
15 66 0
15 57 0
13 25 0
11 34 0
69 7 0
16 98 0
15 42 0
11 96 0
52 7 0
15 104 0
16 58 0
13 40 0
12 48 0
54 6 0
35 7 0
53 6 0
11 56 0
34 5 0
14 72 0
55 7 0
12 72 0
17 5 0
14 10 0
38 7 0
37 5 0
19 6 0
16 73 0
14 57 0
39 6 0
12 25 0
15 65 0
16 33 0
13 81 0
14 97 0
11 33 0
15 41 0
105 5 0
11 50 0
12 42 0
13 96 0
107 6 0
12 66 0
34 6 0
15 24 0
14 16 0
13 56 0
36 5 0
11 8 0
16 8 0
12 88 0
18 7 0
19 5 0
14 58 0
13 18 0
20 6 0
15 82 0
39 5 0
16 89 0
14 41 0
14 98 0
104 5 0
21 7 0
16 49 0
13 33 0
11 49 0
102 7 0
15 98 0
107 5 0
106 7 0
88 6 0
103 6 0
12 58 0
89 7 0
11 64 0
12 82 0
16 64 0
15 8 0
72 7 0
12 16 0
13 8 0
11 24 0
16 24 0
13 74 0
14 104 0
70 5 0
73 6 0
14 42 0
12 33 0
14 89 0
15 97 0
13 49 0
103 5 0
15 18 0
12 10 0
11 18 0
85 7 0
15 80 0
16 18 0
13 64 0
11 80 0
68 7 0
16 80 0
15 56 0
14 48 0
13 24 0
12 96 0
70 6 0
51 7 0
69 6 0
16 40 0
13 90 0
71 7 0
56 5 0
14 90 0
54 7 0
53 5 0
35 6 0
12 49 0
14 73 0
55 6 0
12 73 0
15 90 0
15 17 0
11 74 0
11 17 0
16 74 0
12 26 0
15 64 0
16 34 0
22 5 0
13 80 0
11 32 0
16 96 0
15 40 0
14 32 0
52 5 0
16 56 0
13 42 0
35 5 0

50 34 0
107 31 0
90 63 0
118 82 0
101 58 0
73 31 0
90 103 0
84 90 0
39 111 0
124 55 0
67 74 0
33 50 0
50 50 0
33 106 0
107 47 0
101 98 0
50 74 0
90 47 0
118 66 0
73 111 0
118 58 0
39 39 0
56 111 0
84 74 0
124 39 0
67 90 0
33 34 0
33 90 0
107 63 0
101 114 0
50 90 0
90 95 0
118 114 0
101 26 0
56 55 0
118 42 0
39 55 0
56 95 0
84 58 0
39 79 0
124 23 0
67 106 0
33 18 0
50 18 0
33 74 0
107 79 0
101 66 0
73 39 0
90 79 0
118 98 0
56 39 0
73 79 0
56 79 0
84 42 0
67 18 0
124 111 0
39 95 0
50 98 0
90 23 0
107 95 0
101 82 0
73 55 0
118 18 0
56 23 0
73 95 0
84 114 0
39 23 0
84 26 0
124 95 0
67 34 0
33 114 0
107 23 0
50 114 0
107 111 0
101 34 0
90 111 0
84 98 0
39 103 0
67 50 0
124 79 0
50 42 0
33 98 0
107 39 0
101 106 0
50 66 0
90 55 0
118 90 0
101 50 0
73 23 0
118 50 0
84 82 0
124 63 0
67 66 0
33 58 0
50 58 0
33 82 0
107 55 0
50 82 0
90 39 0
118 74 0
56 63 0
73 103 0
118 34 0
39 47 0
56 103 0
84 66 0
39 71 0
124 47 0
67 82 0
33 42 0
33 66 0
107 71 0
101 74 0
73 47 0
90 87 0
101 18 0
56 47 0
39 63 0
56 87 0
84 50 0
124 103 0
67 26 0
39 87 0
124 31 0
67 98 0
33 26 0
50 26 0
90 31 0
107 87 0
101 90 0
73 63 0
90 71 0
118 106 0
56 31 0
73 71 0
39 15 0
56 71 0
84 34 0
67 42 0
124 87 0
124 15 0
67 114 0
107 15 0
50 106 0
90 15 0
107 103 0
101 42 0
73 15 0
118 26 0
56 15 0
73 87 0
84 106 0
39 31 0
84 18 0
124 71 0
67 58 0

