50 96 1
70 103 1
71 111 1
44 147 1
139 97 1
140 113 1
68 25 1
85 63 1
44 34 1
118 57 1
51 112 1
101 32 1
67 80 1
123 31 1
64 20 1
120 113 1
84 95 1
85 87 1
44 138 1
85 56 1
140 104 1
54 87 1
118 48 1
122 63 1
86 41 1
69 47 1
52 105 1
101 41 1
67 89 1
52 24 1
102 56 1
85 80 1
70 81 1
129 20 1
104 97 1
140 103 1
103 104 1
86 32 1
69 40 1
52 112 1
119 40 1
106 47 1
70 57 1
121 119 1
85 89 1
213 20 1
70 72 1
104 104 1
72 113 1
54 33 1
122 65 1
103 97 1
88 81 1
51 71 1
120 23 1
119 33 1
67 71 1
87 24 1
70 48 1
89 103 1
75 20 1
100 20 1
135 72 1
104 111 1
105 103 1
54 56 1
137 119 1
138 79 1
122 72 1
88 88 1
55 72 1
135 48 1
50 63 1
89 104 1
71 72 1
44 110 1
135 65 1
105 104 1
165 20 1
88 95 1
216 20 1
119 55 1
123 48 1
106 24 1
55 65 1
135 41 1
89 113 1
72 23 1
71 65 1
44 101 1
103 63 1
105 81 1
118 23 1
137 97 1
138 113 1
123 88 1
55 41 1
183 20 1
87 39 1
44 205 1
50 49 1
78 20 1
44 92 1
137 25 1
226 20 1
123 81 1
86 71 1
87 79 1
84 25 1
102 71 1
50 89 1
55 87 1
168 20 1
44 196 1
135 31 1
139 88 1
50 40 1
71 55 1
44 91 1
140 57 1
68 81 1
118 97 1
101 23 1
55 63 1
227 20 1
84 32 1
67 40 1
50 80 1
70 23 1
44 195 1
139 81 1
44 82 1
140 48 1
68 88 1
54 31 1
122 119 1
123 111 1
86 81 1
52 33 1
120 65 1
101 97 1
84 47 1
102 113 1
178 20 1
44 186 1
140 88 1
68 48 1
54 103 1
140 47 1
69 95 1
68 71 1
73 20 1
101 25 1
86 104 1
52 40 1
120 72 1
102 104 1
106 103 1
121 47 1
139 79 1
140 87 1
68 63 1
103 88 1
69 88 1
52 55 1
91 20 1
116 20 1
120 79 1
121 71 1
67 31 1
121 48 1
104 24 1
89 95 1
72 33 1
53 65 1
54 113 1
103 81 1
88 97 1
51 23 1
69 65 1
105 63 1
119 113 1
67 119 1
87 104 1
136 113 1
121 72 1
106 105 1
89 55 1
181 20 1
121 57 1
104 31 1
72 40 1
54 72 1
44 54 1
137 39 1
122 24 1
105 32 1
88 104 1
88 23 1
87 97 1
55 24 1
121 81 1
50 111 1
106 80 1
89 56 1
44 158 1
135 113 1
72 47 1
44 45 1
137 40 1
103 71 1
88 111 1
105 41 1
118 95 1
119 71 1
71 113 1
127 20 1
44 149 1
133 20 1
44 36 1
118 39 1
137 81 1
184 20 1
138 48 1
123 25 1
87 119 1
84 81 1
50 97 1
44 140 1
135 103 1
139 96 1
44 35 1
86 23 1
151 20 1
101 47 1
55 103 1
84 88 1
50 24 1
70 95 1
71 103 1
44 139 1
140 105 1
44 26 1
118 49 1
194 20 1
101 40 1
67 88 1
123 23 1
52 25 1
84 103 1
85 95 1
102 57 1
44 130 1
140 96 1
54 47 1
122 71 1
86 33 1
69 23 1
52 113 1
51 65 1
101 81 1
67 65 1
195 20 1
102 48 1
85 88 1
70 73 1
104 105 1
140 31 1
68 119 1
103 96 1
86 56 1
120 24 1
119 32 1
102 88 1
106 23 1
70 49 1
146 20 1
85 97 1
139 63 1
70 64 1
104 80 1
54 57 1
122 73 1
88 89 1
51 79 1
69 25 1
52 71 1
120 31 1
119 57 1
67 79 1
70 40 1
89 111 1
135 64 1
104 87 1
105 111 1
69 113 1
51 39 1
72 96 1
54 48 1
138 119 1
122 80 1
88 32 1
59 20 1
106 25 1
87 41 1
55 64 1
136 48 1
135 40 1
50 55 1
89 112 1
72 24 1
71 64 1
44 102 1
137 23 1
105 80 1
72 103 1
137 96 1
88 39 1
55 40 1
50 95 1
55 89 1
149 20 1
44 206 1
136 55 1
135 33 1
72 31 1
71 57 1
44 93 1
137 24 1
103 55 1
105 89 1
118 111 1
137 105 1
123 80 1
55 33 1
87 63 1
44 197 1
50 41 1
44 84 1
138 96 1
123 105 1
86 95 1
87 71 1
101 103 1
84 33 1
50 81 1
95 20 1
44 188 1
135 23 1
139 80 1
50 32 1
71 47 1
44 83 1
68 89 1
140 49 1
101 31 1
55 55 1
113 20 1
101 96 1
84 40 1
50 72 1
44 187 1
85 23 1
140 89 1
139 73 1
68 49 1
44 74 1
211 20 1
68 64 1
140 40 1
54 23 1
118 112 1
101 24 1
123 103 1
86 105 1
52 41 1
120 73 1
101 105 1
84 55 1
67 25 1
102 105 1
44 178 1
140 80 1
68 56 1
53 71 1
122 23 1
140 39 1
68 79 1
69 71 1
162 20 1
67 113 1
86 96 1
52 48 1
120 80 1
102 96 1
106 111 1
57 20 1
121 55 1
104 25 1
85 25 1
140 79 1
68 39 1
139 71 1
53 64 1
103 80 1
69 64 1
119 112 1
52 63 1
163 20 1
120 87 1
121 79 1
70 112 1
121 56 1
72 41 1
53 73 1
54 73 1
122 25 1
103 73 1
88 105 1
69 73 1
51 31 1
108 20 1
105 39 1
119 73 1
88 24 1
87 96 1
121 80 1
106 81 1
89 63 1
53 33 1
135 112 1
72 80 1
54 64 1
44 46 1
137 47 1
122 32 1
105 40 1
88 112 1
88 31 1
136 96 1
121 89 1
50 103 1
106 88 1
71 112 1
44 150 1
135 105 1
72 87 1
44 37 1
137 80 1
88 119 1
118 87 1
119 95 1
138 49 1
123 24 1
106 48 1
55 105 1
136 103 1
71 105 1
44 141 1
44 28 1
118 63 1
137 89 1
111 20 1
138 56 1
84 89 1
50 25 1
44 132 1
135 95 1
176 20 1
44 27 1
138 80 1
86 47 1
101 87 1
84 96 1
235 20 1
71 95 1
70 87 1
44 131 1
140 97 1
51 64 1
101 80 1
67 64 1
123 47 1
70 63 1
63 20 1
84 111 1
85 103 1
102 49 1
139 57 1
44 122 1
140 24 1
68 112 1
54 39 1
122 79 1
86 57 1
51 73 1
69 31 1
81 20 1
120 25 1
101 89 1
102 89 1
67 73 1
102 40 1
85 96 1
70 65 1
53 23 1
104 81 1
140 23 1
51 33 1
179 20 1
69 119 1
86 48 1
69 24 1
52 64 1
120 32 1
119 56 1
102 80 1
106 31 1
70 41 1
139 55 1
85 105 1
124 20 1
104 88 1
69 112 1
72 97 1
54 49 1
130 20 1
122 81 1
88 33 1
51 87 1
52 79 1
120 39 1
119 49 1
67 55 1
87 40 1
70 32 1
136 49 1
104 48 1
89 119 1
72 25 1
53 25 1
104 95 1
103 57 1
105 87 1
51 47 1
72 104 1
137 103 1
122 88 1
88 40 1
131 20 1
87 33 1
55 88 1
136 56 1
135 32 1
104 55 1
50 47 1
71 56 1
44 94 1
137 31 1
105 88 1
72 111 1
76 20 1
137 104 1
88 47 1
87 73 1
55 32 1
136 80 1
50 87 1
55 81 1
44 198 1
136 63 1
135 25 1
89 65 1
71 49 1
44 85 1
103 47 1
233 20 1
105 65 1
118 103 1
119 111 1
138 97 1
123 104 1
141 20 1
55 57 1
136 87 1
192 20 1
87 55 1
44 189 1
50 33 1
44 76 1
138 104 1
123 97 1
86 87 1
87 95 1
101 111 1
84 41 1
102 119 1
50 73 1
44 180 1
139 72 1
71 39 1
44 75 1
140 41 1
68 65 1
79 20 1
118 113 1
101 104 1
84 48 1
67 24 1
50 64 1
44 179 1
139 65 1
140 81 1
85 31 1
68 57 1
144 20 1
97 20 1
44 66 1
140 32 1
68 72 1
118 72 1
67 112 1
86 97 1
52 49 1
120 81 1
102 97 1
84 63 1
44 170 1
228 20 1
85 24 1
140 72 1
68 32 1
53 79 1
54 119 1
122 31 1
69 79 1
51 25 1
52 56 1
120 88 1
102 24 1
106 87 1
70 113 1
53 39 1
121 63 1
85 33 1
68 47 1
140 71 1
53 72 1
103 72 1
69 72 1
119 72 1
88 25 1
74 20 1
120 95 1
121 87 1
70 104 1
53 32 1
72 81 1
53 81 1
54 65 1
147 20 1
122 33 1
103 65 1
105 47 1
88 113 1
51 103 1
69 49 1
119 65 1
138 55 1
67 103 1
136 97 1
121 88 1
106 89 1
53 41 1
92 20 1
135 104 1
72 88 1
54 88 1
44 38 1
137 87 1
122 40 1
106 49 1
87 113 1
55 104 1
136 104 1
121 97 1
50 31 1
106 64 1
71 104 1
44 142 1
135 97 1
72 95 1
44 29 1
137 88 1
103 119 1
105 25 1
119 87 1
138 57 1
106 56 1
55 97 1
136 111 1
71 97 1
44 133 1
103 31 1
105 113 1
118 55 1
137 65 1
138 81 1
158 20 1
138 32 1
123 41 1
84 97 1
102 63 1
44 124 1
135 87 1
201 20 1
138 88 1
86 39 1
101 95 1
160 20 1
55 119 1
135 63 1
84 104 1
139 56 1
70 79 1
71 87 1
44 123 1
68 113 1
140 25 1
51 72 1
219 20 1
101 88 1
67 72 1
123 39 1
70 55 1
102 41 1
85 111 1
139 49 1
84 119 1
44 114 1
51 32 1
54 63 1
118 24 1
122 87 1
123 79 1
86 49 1
51 81 1
52 65 1
120 33 1
101 65 1
102 81 1
67 49 1
44 218 1
102 32 1
85 104 1
53 31 1
65 20 1
104 89 1
68 103 1
51 41 1
90 20 1
86 72 1
52 72 1
120 40 1
119 48 1
102 72 1
70 33 1
104 49 1
139 47 1
85 113 1
196 20 1
53 24 1
104 64 1
103 56 1
72 105 1
122 89 1
88 41 1
51 95 1
52 87 1
120 47 1
230 20 1
67 63 1
87 32 1
70 24 1
136 57 1
104 56 1
53 97 1
104 71 1
105 95 1
103 49 1
51 55 1
69 97 1
137 111 1
138 103 1
122 96 1
88 48 1
87 72 1
136 81 1
87 57 1
55 80 1
136 32 1
135 24 1
121 25 1
104 63 1
50 39 1
89 64 1
71 48 1
54 104 1
44 86 1
105 64 1
88 55 1
87 65 1
55 56 1
136 88 1
119 31 1
50 79 1
106 112 1
60 20 1
44 190 1
136 39 1
89 73 1
71 41 1
44 77 1
103 39 1
105 73 1
119 103 1
138 105 1
123 96 1
55 49 1
136 95 1
89 33 1
217 20 1
44 181 1
44 68 1
137 49 1
86 111 1
87 87 1
102 111 1
84 49 1
50 65 1
44 172 1
139 64 1
71 31 1
44 67 1
140 33 1
68 73 1
118 73 1
84 56 1
44 171 1
85 39 1
68 33 1
140 73 1
44 58 1
51 24 1
118 64 1
123 119 1
52 57 1
128 20 1
120 89 1
102 25 1
84 71 1
114 20 1
44 162 1
85 32 1
140 64 1
68 40 1
53 87 1
54 79 1
118 40 1
122 39 1
69 55 1
51 97 1
101 49 1
212 20 1
67 97 1
86 112 1
120 96 1
106 95 1
70 105 1
53 47 1
85 41 1
68 23 1
139 119 1
53 80 1
103 64 1
86 24 1
69 48 1
119 64 1
106 55 1
120 103 1
121 95 1
85 65 1
139 31 1
70 96 1
53 40 1
104 112 1
72 89 1
53 89 1
54 89 1
58 20 1
122 41 1
105 23 1
51 111 1
52 103 1
69 57 1
119 89 1
138 63 1
67 111 1
87 112 1
136 105 1
121 96 1
106 65 1
53 49 1
164 20 1
117 20 1
135 96 1
104 119 1
72 64 1
54 80 1
44 30 1
137 95 1
138 87 1
122 48 1
105 24 1
88 64 1
106 57 1
198 20 1
55 96 1
121 105 1
50 23 1
106 72 1
71 96 1
44 134 1
135 89 1
105 112 1
72 71 1
137 64 1
103 111 1
88 71 1
119 47 1
138 33 1
123 40 1
106 32 1
136 23 1
89 25 1
71 89 1
44 125 1
103 23 1
137 73 1
138 89 1
138 40 1
123 33 1
87 31 1
102 55 1
84 105 1
142 20 1
44 116 1
135 79 1
138 64 1
123 73 1
86 63 1
101 71 1
102 95 1
55 79 1
185 20 1
135 55 1
84 112 1
139 48 1
70 71 1
71 79 1
44 115 1
118 25 1
51 80 1
101 64 1
67 48 1
123 63 1
70 47 1
102 33 1
139 41 1
85 119 1
44 106 1
68 96 1
51 40 1
236 20 1
54 55 1
122 95 1
123 71 1
86 73 1
51 89 1
52 73 1
120 41 1
101 73 1
84 23 1
102 73 1
67 57 1
44 210 1
85 112 1
53 103 1
104 65 1
68 111 1
69 103 1
51 49 1
86 64 1
52 80 1
120 48 1
102 64 1
70 25 1
82 20 1
121 23 1
104 57 1
139 39 1
53 96 1
104 72 1
103 48 1
69 96 1
122 97 1
88 49 1
52 95 1
180 20 1
120 55 1
67 39 1
87 56 1
136 33 1
121 24 1
104 32 1
89 71 1
53 105 1
54 105 1
104 79 1
103 41 1
105 71 1
214 20 1
69 105 1
51 63 1
54 24 1
119 105 1
138 111 1
122 104 1
88 56 1
87 64 1
136 89 1
106 113 1
87 49 1
136 40 1
121 33 1
104 39 1
89 72 1
72 48 1
71 40 1
54 96 1
44 78 1
105 72 1
88 63 1
87 89 1
55 48 1
136 64 1
119 23 1
50 71 1
89 32 1
132 20 1
44 182 1
136 47 1
89 81 1
72 55 1
71 33 1
44 69 1
137 48 1
103 95 1
105 49 1
118 119 1
166 20 1
136 71 1
89 41 1
44 173 1
44 60 1
137 57 1
209 20 1
138 24 1
123 113 1
86 103 1
234 20 1
87 111 1
102 103 1
84 57 1
44 164 1
71 23 1
44 59 1
118 65 1
101 55 1
55 31 1
84 64 1
50 112 1
70 119 1
44 163 1
85 47 1
139 113 1
140 65 1
68 41 1
44 50 1
118 41 1
51 96 1
118 88 1
101 48 1
67 96 1
86 113 1
120 97 1
84 79 1
139 25 1
85 71 1
44 154 1
85 40 1
53 95 1
54 71 1
118 32 1
122 47 1
86 25 1
51 105 1
69 63 1
98 20 1
101 57 1
67 105 1
120 104 1
85 64 1
106 71 1
70 97 1
53 55 1
104 113 1
139 111 1
140 119 1
68 31 1
85 49 1
53 88 1
69 56 1
52 96 1
119 88 1
106 63 1
52 23 1
99 20 1
120 111 1
121 103 1
139 23 1
85 73 1
70 88 1
53 48 1
72 65 1
54 81 1
122 49 1
105 31 1
103 113 1
69 33 1
88 65 1
52 111 1
51 119 1
119 81 1
138 39 1
67 87 1
121 104 1
106 73 1
89 23 1
53 57 1
135 88 1
103 25 1
105 119 1
72 72 1
54 40 1
137 71 1
138 95 1
122 56 1
88 72 1
148 20 1
106 33 1
109 20 1
136 24 1
121 113 1
89 24 1
71 88 1
44 126 1
135 81 1
72 79 1
182 20 1
137 72 1
103 103 1
88 79 1
119 39 1
138 41 1
123 32 1
106 40 1
55 113 1
136 31 1
135 57 1
89 97 1
71 81 1
44 117 1
105 97 1
137 113 1
138 65 1
123 72 1
123 57 1
87 23 1
102 47 1
84 113 1
44 108 1
135 71 1
112 20 1
138 72 1
123 65 1
86 55 1
134 20 1
101 79 1
102 87 1
159 20 1
55 71 1
44 212 1
135 47 1
139 40 1
50 56 1
71 71 1
44 107 1
68 97 1
177 20 1
51 88 1
55 47 1
202 20 1
101 72 1
67 56 1
123 55 1
70 39 1
44 211 1
139 33 1
44 98 1
68 104 1
51 48 1
118 104 1
122 103 1
123 95 1
86 65 1
52 81 1
56 20 1
120 49 1
101 113 1
102 65 1
67 33 1
84 31 1
44 202 1
53 111 1
104 73 1
140 63 1
68 87 1
69 111 1
51 57 1
115 20 1
86 88 1
52 88 1
120 56 1
106 119 1
121 31 1
104 33 1
139 95 1
53 104 1
103 40 1
69 104 1
54 25 1
119 104 1
66 20 1
122 105 1
88 57 1
52 39 1
120 63 1
119 25 1
67 47 1
87 48 1
136 41 1
121 32 1
104 40 1
89 79 1
72 49 1
53 113 1
54 97 1
103 33 1
105 79 1
69 81 1
125 20 1
119 97 1
138 23 1
122 112 1
87 88 1
136 65 1
89 39 1
121 41 1
104 47 1
231 20 1
89 80 1
72 56 1
71 32 1
44 70 1
137 55 1
105 48 1
87 81 1
126 20 1
136 72 1
121 65 1
106 96 1
89 40 1
44 174 1
89 89 1
72 63 1
71 25 1
44 61 1
137 56 1
103 87 1
105 57 1
118 79 1
119 119 1
138 25 1
123 112 1
77 20 1
136 79 1
89 49 1
44 165 1
150 20 1
44 52 1
137 33 1
175 20 1
87 103 1
84 65 1
102 31 1
50 113 1
44 156 1
135 119 1
193 20 1
139 112 1
218 20 1
44 51 1
118 89 1
101 63 1
55 23 1
84 72 1
139 24 1
50 104 1
70 111 1
71 119 1
44 155 1
85 55 1
139 105 1
80 20 1
44 42 1
118 33 1
51 104 1
118 80 1
101 56 1
67 104 1
120 105 1
84 87 1
85 79 1
44 146 1
85 48 1
140 112 1
68 24 1
54 95 1
118 56 1
122 55 1
51 113 1
52 97 1
69 39 1
145 20 1
101 33 1
67 81 1
120 112 1
85 72 1
106 79 1
70 89 1
53 63 1
139 103 1
140 111 1
85 57 1
229 20 1
103 112 1
86 40 1
69 32 1
52 104 1
119 80 1
106 39 1
52 31 1
120 119 1
121 111 1
85 81 1
70 80 1
53 56 1
104 96 1
103 24 1
72 73 1
54 41 1
83 20 1
122 57 1
103 105 1
88 73 1
69 41 1
52 119 1
119 41 1
138 47 1
67 95 1
70 56 1
136 25 1
121 112 1
89 31 1
135 80 1
104 103 1
72 112 1
54 32 1
137 79 1
138 71 1
122 64 1
88 80 1
106 41 1
87 25 1
55 112 1
135 56 1
232 20 1
89 96 1
71 80 1
44 118 1
135 73 1
105 96 1
72 119 1
93 20 1
137 112 1
88 87 1
119 63 1
123 56 1
55 73 1
135 49 1
89 105 1
71 73 1
199 20 1
44 109 1
105 105 1
118 31 1
138 73 1
123 64 1
94 20 1
123 49 1
87 47 1
102 39 1
50 57 1
44 100 1
138 112 1
123 89 1
86 79 1
101 119 1
102 79 1
55 95 1
96 20 1
44 204 1
135 39 1
139 32 1
50 48 1
71 63 1
44 99 1
68 105 1
143 20 1
118 105 1
55 39 1
101 112 1
84 24 1
67 32 1
50 88 1
70 31 1
44 203 1
139 89 1
161 20 1
44 90 1
140 56 1
51 56 1
68 80 1
118 96 1
122 111 1
123 87 1
86 89 1
52 89 1
120 57 1
84 39 1
67 41 1
44 194 1
53 119 1
54 111 1
68 95 1
140 55 1
69 87 1
86 80 1
52 32 1
120 64 1
119 24 1
102 112 1
121 39 1
104 41 1
139 87 1
140 95 1
68 55 1
107 20 1
53 112 1
103 32 1
69 80 1
119 96 1
122 113 1
52 47 1
120 71 1
67 23 1
121 40 1
89 87 1
72 57 1
103 89 1
105 55 1
69 89 1
197 20 1
138 31 1
87 80 1
136 73 1
121 64 1
106 97 1
89 47 1
121 49 1
104 23 1
89 88 1
72 32 1
71 24 1
54 112 1
44 62 1
137 63 1
105 56 1
88 96 1
87 105 1
215 20 1
136 112 1
121 73 1
50 119 1
106 104 1
89 48 1
44 166 1
72 39 1
110 20 1
44 53 1
137 32 1
105 33 1
103 79 1
88 103 1
118 71 1
119 79 1
55 25 1
136 119 1
89 57 1
200 20 1
44 157 1
61 20 1
44 44 1
118 47 1
137 41 1
86 119 1
102 23 1
84 73 1
50 105 1
167 20 1
44 148 1
135 111 1
139 104 1
44 43 1
86 31 1
62 20 1
118 81 1
101 39 1
55 111 1
210 20 1
84 80 1

22 85 0
50 10 0
22 23 0
22 13 0
22 54 0
81 10 0
99 10 0
22 79 0
22 37 0
66 10 0
79 10 0
84 10 0
22 103 0
22 93 0
97 10 0
115 10 0
118 10 0
22 31 0
82 10 0
22 62 0
100 10 0
22 55 0
22 45 0
22 86 0
113 10 0
22 69 0
98 10 0
22 14 0
116 10 0
32 10 0
22 38 0
22 63 0
22 21 0
114 10 0
22 94 0
22 87 0
48 10 0
22 77 0
101 10 0
28 10 0
22 15 0
22 101 0
22 46 0
30 10 0
22 39 0
64 10 0
22 29 0
117 10 0
33 10 0
22 70 0
22 95 0
31 10 0
22 53 0
46 10 0
80 10 0
22 109 0
22 22 0
49 10 0
67 10 0
22 47 0
29 10 0
47 10 0
22 78 0
62 10 0
22 71 0
96 10 0
22 61 0
22 102 0
65 10 0
83 10 0
45 10 0
63 10 0
22 30 0

22 85 0
50 10 0
22 23 0
22 13 0
22 54 0
81 10 0
99 10 0
22 79 0
22 37 0
66 10 0
79 10 0
84 10 0
22 103 0
22 93 0
97 10 0
115 10 0
118 10 0
22 31 0
82 10 0
22 62 0
100 10 0
22 55 0
22 45 0
22 86 0
113 10 0
22 69 0
98 10 0
22 14 0
116 10 0
32 10 0
22 38 0
22 63 0
22 21 0
114 10 0
22 94 0
22 87 0
48 10 0
22 77 0
101 10 0
28 10 0
22 15 0
22 101 0
22 46 0
30 10 0
22 39 0
64 10 0
22 29 0
117 10 0
33 10 0
22 70 0
22 95 0
31 10 0
22 53 0
46 10 0
80 10 0
22 109 0
22 22 0
49 10 0
67 10 0
22 47 0
29 10 0
47 10 0
22 78 0
62 10 0
22 71 0
96 10 0
22 61 0
22 102 0
65 10 0
83 10 0
45 10 0
63 10 0
22 30 0

