95 198 1
163 150 1
197 70 1
208 201 1
66 148 1
112 150 1
174 65 1
140 113 1
242 161 1
191 97 1
151 164 1
157 49 1
72 185 1
146 118 1
78 86 1
117 92 1
123 57 1
236 76 1
225 81 1
185 140 1
202 204 1
248 174 1
134 172 1
95 190 1
129 222 1
180 206 1
214 158 1
100 188 1
83 220 1
66 124 1
168 204 1
112 62 1
140 153 1
106 225 1
242 73 1
208 57 1
157 153 1
197 182 1
231 182 1
78 46 1
174 209 1
123 65 1
219 148 1
236 52 1
151 52 1
72 41 1
129 166 1
180 38 1
117 172 1
100 212 1
83 116 1
89 73 1
202 124 1
225 225 1
168 36 1
248 62 1
163 190 1
214 46 1
197 46 1
208 161 1
157 225 1
66 204 1
112 174 1
174 105 1
236 156 1
106 81 1
191 137 1
78 190 1
134 124 1
72 193 1
146 78 1
151 220 1
231 38 1
100 76 1
219 100 1
225 137 1
185 180 1
89 33 1
248 214 1
134 132 1
95 134 1
180 182 1
163 214 1
214 182 1
83 132 1
66 84 1
168 148 1
112 86 1
140 177 1
242 97 1
106 201 1
197 158 1
157 113 1
191 33 1
146 54 1
231 206 1
123 121 1
219 204 1
202 140 1
89 185 1
151 108 1
72 113 1
95 126 1
129 158 1
163 78 1
117 148 1
66 60 1
185 68 1
248 102 1
140 217 1
106 161 1
214 70 1
208 121 1
157 217 1
112 198 1
174 145 1
123 129 1
140 33 1
191 209 1
134 84 1
231 126 1
146 166 1
129 102 1
180 102 1
219 92 1
225 161 1
185 220 1
168 100 1
202 60 1
180 158 1
197 110 1
208 225 1
83 172 1
66 140 1
112 110 1
174 41 1
140 73 1
242 185 1
191 73 1
151 156 1
72 129 1
78 126 1
157 41 1
117 68 1
236 100 1
219 36 1
225 73 1
89 225 1
202 212 1
248 150 1
134 196 1
95 70 1
100 132 1
83 196 1
185 108 1
168 212 1
106 137 1
214 126 1
208 81 1
157 177 1
231 142 1
197 222 1
242 33 1
174 185 1
123 185 1
219 140 1
236 204 1
78 206 1
72 49 1
134 44 1
95 62 1
151 44 1
129 94 1
180 78 1
117 212 1
100 60 1
83 92 1
89 113 1
225 217 1
168 76 1
202 68 1
248 38 1
163 134 1
197 54 1
208 185 1
66 228 1
112 134 1
174 81 1
236 180 1
140 97 1
123 193 1
106 121 1
191 145 1
151 180 1
78 166 1
231 62 1
146 102 1
72 169 1
242 209 1
129 38 1
117 44 1
100 84 1
225 97 1
185 156 1
89 201 1
248 190 1
134 156 1
95 174 1
180 222 1
163 62 1
214 174 1
100 172 1
66 76 1
168 188 1
112 46 1
140 137 1
242 121 1
106 209 1
197 166 1
157 105 1
231 166 1
78 62 1
208 41 1
174 225 1
123 81 1
219 228 1
202 148 1
89 161 1
236 36 1
151 68 1
72 89 1
146 214 1
129 182 1
180 54 1
163 86 1
117 188 1
100 196 1
89 89 1
202 108 1
185 44 1
248 78 1
163 174 1
214 62 1
208 145 1
197 30 1
66 220 1
112 222 1
174 121 1
236 140 1
140 57 1
106 65 1
191 185 1
78 142 1
134 108 1
231 86 1
146 190 1
129 30 1
100 124 1
219 116 1
89 49 1
225 153 1
185 196 1
180 134 1
163 198 1
214 198 1
197 118 1
83 148 1
66 164 1
168 132 1
112 70 1
140 161 1
106 57 1
191 81 1
197 142 1
157 65 1
242 145 1
78 102 1
146 38 1
117 108 1
236 124 1
219 220 1
89 137 1
202 188 1
225 33 1
151 124 1
72 97 1
134 220 1
95 110 1
180 30 1
163 126 1
83 44 1
185 84 1
248 118 1
140 201 1
106 145 1
214 86 1
208 105 1
157 169 1
242 57 1
174 161 1
123 145 1
219 164 1
236 228 1
191 193 1
134 68 1
231 110 1
146 150 1
129 118 1
180 118 1
83 68 1
225 177 1
202 44 1
168 84 1
95 222 1
197 94 1
208 209 1
83 188 1
66 156 1
112 158 1
174 57 1
140 121 1
242 169 1
191 121 1
151 172 1
157 57 1
72 177 1
146 126 1
78 78 1
117 84 1
236 84 1
219 52 1
225 89 1
202 196 1
185 132 1
123 33 1
248 166 1
134 180 1
95 182 1
129 198 1
180 198 1
214 134 1
100 180 1
83 212 1
66 100 1
185 124 1
168 196 1
140 225 1
242 81 1
78 38 1
208 65 1
157 129 1
197 206 1
231 190 1
174 201 1
123 73 1
219 156 1
236 60 1
78 222 1
151 60 1
72 33 1
95 46 1
129 174 1
180 94 1
117 164 1
100 44 1
83 108 1
89 65 1
202 116 1
168 60 1
248 54 1
163 182 1
208 169 1
197 38 1
112 182 1
174 97 1
236 164 1
123 209 1
106 105 1
191 129 1
242 193 1
151 196 1
231 46 1
146 86 1
129 54 1
72 217 1
78 182 1
117 60 1
100 68 1
219 108 1
225 113 1
185 172 1
89 217 1
248 206 1
134 140 1
95 158 1
180 174 1
163 46 1
214 190 1
66 92 1
168 172 1
112 94 1
140 185 1
242 105 1
191 57 1
197 150 1
157 121 1
106 193 1
146 62 1
231 214 1
123 97 1
202 132 1
89 177 1
151 84 1
72 73 1
95 118 1
146 198 1
129 134 1
163 70 1
117 140 1
66 36 1
185 60 1
248 94 1
106 185 1
214 78 1
208 129 1
157 193 1
112 206 1
174 137 1
123 137 1
140 41 1
191 169 1
72 225 1
134 92 1
231 70 1
146 174 1
129 110 1
78 158 1
117 228 1
100 108 1
219 68 1
225 169 1
185 212 1
168 124 1
202 52 1
180 150 1
214 214 1
197 102 1
83 164 1
66 180 1
112 118 1
174 33 1
140 81 1
242 129 1
191 65 1
151 132 1
157 81 1
72 153 1
78 118 1
106 41 1
117 124 1
236 108 1
219 44 1
225 49 1
202 172 1
89 153 1
248 142 1
134 204 1
95 94 1
163 110 1
100 156 1
83 60 1
185 100 1
112 30 1
106 129 1
214 102 1
208 89 1
157 185 1
197 214 1
231 150 1
242 41 1
174 177 1
123 161 1
219 180 1
236 212 1
78 198 1
134 52 1
95 54 1
146 134 1
129 70 1
180 70 1
117 204 1
100 52 1
83 84 1
89 105 1
225 193 1
168 68 1
202 92 1
248 30 1
95 206 1
163 158 1
197 78 1
208 193 1
112 142 1
174 73 1
236 188 1
140 105 1
123 201 1
106 113 1
191 105 1
151 188 1
72 161 1
78 94 1
146 110 1
129 46 1
242 217 1
117 36 1
123 49 1
236 68 1
225 105 1
185 148 1
89 193 1
248 182 1
134 164 1
95 166 1
129 214 1
180 214 1
163 54 1
214 150 1
100 164 1
83 228 1
66 116 1
168 180 1
112 54 1
140 145 1
242 65 1
78 54 1
208 49 1
157 145 1
197 190 1
231 174 1
174 217 1
123 89 1
236 44 1
151 76 1
72 81 1
95 30 1
146 222 1
129 190 1
180 46 1
117 180 1
100 220 1
83 124 1
89 81 1
202 100 1
168 44 1
185 36 1
248 70 1
163 166 1
214 38 1
208 153 1
66 196 1
112 166 1
174 113 1
236 148 1
123 225 1
106 89 1
191 177 1
72 201 1
134 116 1
231 94 1
146 70 1
78 134 1
151 212 1
100 116 1
219 124 1
225 129 1
185 188 1
89 41 1
248 222 1
95 142 1
180 190 1
163 222 1
214 206 1
83 140 1
66 172 1
168 156 1
112 78 1
140 169 1
106 49 1
242 153 1
197 134 1
157 73 1
191 41 1
146 46 1
231 198 1
78 30 1
117 100 1
123 113 1
219 196 1
89 129 1
202 180 1
225 41 1
151 100 1
72 121 1
95 102 1
134 228 1
129 150 1
163 118 1
117 156 1
100 228 1
83 36 1
66 52 1
185 76 1
248 110 1
140 209 1
106 169 1
214 94 1
208 113 1
157 209 1
174 153 1
123 153 1
219 172 1
191 217 1
134 76 1
231 118 1
146 158 1
129 126 1
180 110 1
219 84 1
225 185 1
185 228 1
168 108 1
202 36 1
95 214 1
197 86 1
208 217 1
83 180 1
66 132 1
112 102 1
174 49 1
140 65 1
242 177 1
191 113 1
151 148 1
72 137 1
78 70 1
157 33 1
231 30 1
117 76 1
236 92 1
219 60 1
225 65 1
202 220 1
123 41 1
248 158 1
134 188 1
95 78 1
129 206 1
163 30 1
214 142 1
100 140 1
83 204 1
66 108 1
185 116 1
168 220 1
242 89 1
214 118 1
208 73 1
157 137 1
231 134 1
197 198 1
174 193 1
123 177 1
236 196 1
219 132 1
78 214 1
191 225 1
72 57 1
151 36 1
134 36 1
129 86 1
180 86 1
95 38 1
117 220 1
100 36 1
83 100 1
89 121 1
202 76 1
168 52 1
225 209 1
248 46 1
163 142 1
214 30 1
197 62 1
208 177 1
112 190 1
174 89 1
236 172 1
123 217 1
106 97 1
191 153 1
151 204 1
72 209 1
231 54 1
146 94 1
129 62 1
78 174 1
242 201 1
117 52 1
100 92 1
225 121 1
185 164 1
89 209 1
202 228 1
248 198 1
134 148 1
95 150 1
180 166 1
163 38 1
214 166 1
66 68 1
168 164 1
112 38 1
140 129 1
242 113 1
191 49 1
197 174 1
157 97 1
106 217 1
231 222 1
208 33 1
123 105 1
202 156 1
89 169 1
151 92 1
72 65 1
146 206 1
129 142 1
180 62 1
163 94 1
117 132 1
100 204 1
66 44 1
185 52 1
248 86 1
106 177 1
214 54 1
208 137 1
157 201 1
66 212 1
112 214 1
174 129 1
236 132 1
140 49 1
106 73 1
191 161 1
78 150 1
134 100 1
231 78 1
146 182 1
151 228 1
242 225 1
100 100 1
219 76 1
89 57 1
225 145 1
168 116 1
185 204 1
180 142 1
163 206 1
214 222 1
197 126 1
83 156 1
66 188 1
168 140 1
112 126 1
140 89 1
242 137 1
191 89 1
151 140 1
157 89 1
72 145 1
78 110 1
106 33 1
146 30 1
117 116 1
236 116 1
219 212 1
89 145 1
225 57 1
202 164 1
248 134 1
151 116 1
72 105 1
134 212 1
95 86 1
163 102 1
100 148 1
83 52 1
185 92 1
168 228 1
248 126 1
140 193 1
106 153 1
214 110 1
208 97 1
157 161 1
231 158 1
242 49 1
174 169 1
123 169 1
219 188 1
236 220 1
191 201 1
134 60 1
231 102 1
146 142 1
129 78 1
180 126 1
117 196 1
83 76 1
89 97 1
202 84 1
168 92 1
225 201 1

50 34 0
107 31 0
90 63 0
118 82 0
101 58 0
73 31 0
90 103 0
84 90 0
39 111 0
124 55 0
67 74 0
33 50 0
50 50 0
33 106 0
107 47 0
101 98 0
50 74 0
90 47 0
118 66 0
73 111 0
118 58 0
39 39 0
56 111 0
84 74 0
124 39 0
67 90 0
33 34 0
33 90 0
107 63 0
101 114 0
50 90 0
90 95 0
118 114 0
101 26 0
56 55 0
118 42 0
39 55 0
56 95 0
84 58 0
39 79 0
124 23 0
67 106 0
33 18 0
50 18 0
33 74 0
107 79 0
101 66 0
73 39 0
90 79 0
118 98 0
56 39 0
73 79 0
56 79 0
84 42 0
67 18 0
124 111 0
39 95 0
50 98 0
90 23 0
107 95 0
101 82 0
73 55 0
118 18 0
56 23 0
73 95 0
84 114 0
39 23 0
84 26 0
124 95 0
67 34 0
33 114 0
107 23 0
50 114 0
107 111 0
101 34 0
90 111 0
84 98 0
39 103 0
67 50 0
124 79 0
50 42 0
33 98 0
107 39 0
101 106 0
50 66 0
90 55 0
118 90 0
101 50 0
73 23 0
118 50 0
84 82 0
124 63 0
67 66 0
33 58 0
50 58 0
33 82 0
107 55 0
50 82 0
90 39 0
118 74 0
56 63 0
73 103 0
118 34 0
39 47 0
56 103 0
84 66 0
39 71 0
124 47 0
67 82 0
33 42 0
33 66 0
107 71 0
101 74 0
73 47 0
90 87 0
101 18 0
56 47 0
39 63 0
56 87 0
84 50 0
124 103 0
67 26 0
39 87 0
124 31 0
67 98 0
33 26 0
50 26 0
90 31 0
107 87 0
101 90 0
73 63 0
90 71 0
118 106 0
56 31 0
73 71 0
39 15 0
56 71 0
84 34 0
67 42 0
124 87 0
124 15 0
67 114 0
107 15 0
50 106 0
90 15 0
107 103 0
101 42 0
73 15 0
118 26 0
56 15 0
73 87 0
84 106 0
39 31 0
84 18 0
124 71 0
67 58 0

50 34 0
107 31 0
90 63 0
118 82 0
101 58 0
73 31 0
90 103 0
84 90 0
39 111 0
124 55 0
67 74 0
33 50 0
50 50 0
33 106 0
107 47 0
101 98 0
50 74 0
90 47 0
118 66 0
73 111 0
118 58 0
39 39 0
56 111 0
84 74 0
124 39 0
67 90 0
33 34 0
33 90 0
107 63 0
101 114 0
50 90 0
90 95 0
118 114 0
101 26 0
56 55 0
118 42 0
39 55 0
56 95 0
84 58 0
39 79 0
124 23 0
67 106 0
33 18 0
50 18 0
33 74 0
107 79 0
101 66 0
73 39 0
90 79 0
118 98 0
56 39 0
73 79 0
56 79 0
84 42 0
67 18 0
124 111 0
39 95 0
50 98 0
90 23 0
107 95 0
101 82 0
73 55 0
118 18 0
56 23 0
73 95 0
84 114 0
39 23 0
84 26 0
124 95 0
67 34 0
33 114 0
107 23 0
50 114 0
107 111 0
101 34 0
90 111 0
84 98 0
39 103 0
67 50 0
124 79 0
50 42 0
33 98 0
107 39 0
101 106 0
50 66 0
90 55 0
118 90 0
101 50 0
73 23 0
118 50 0
84 82 0
124 63 0
67 66 0
33 58 0
50 58 0
33 82 0
107 55 0
50 82 0
90 39 0
118 74 0
56 63 0
73 103 0
118 34 0
39 47 0
56 103 0
84 66 0
39 71 0
124 47 0
67 82 0
33 42 0
33 66 0
107 71 0
101 74 0
73 47 0
90 87 0
101 18 0
56 47 0
39 63 0
56 87 0
84 50 0
124 103 0
67 26 0
39 87 0
124 31 0
67 98 0
33 26 0
50 26 0
90 31 0
107 87 0
101 90 0
73 63 0
90 71 0
118 106 0
56 31 0
73 71 0
39 15 0
56 71 0
84 34 0
67 42 0
124 87 0
124 15 0
67 114 0
107 15 0
50 106 0
90 15 0
107 103 0
101 42 0
73 15 0
118 26 0
56 15 0
73 87 0
84 106 0
39 31 0
84 18 0
124 71 0
67 58 0

