85 78 1
50 96 1
102 14 1
89 11 1
70 103 1
53 53 1
32 54 1
106 69 1
22 154 1
26 201 1
48 86 1
85 63 1
33 41 1
115 94 1
26 120 1
27 122 1
118 57 1
48 37 1
86 22 1
69 38 1
145 11 1
37 13 1
111 10 1
98 45 1
62 31 1
45 61 1
101 32 1
67 80 1
123 31 1
106 61 1
87 13 1
113 37 1
25 49 1
99 22 1
26 161 1
117 96 1
45 78 1
84 95 1
85 87 1
32 77 1
31 15 1
89 12 1
70 94 1
53 62 1
121 101 1
25 162 1
99 103 1
27 194 1
117 17 1
48 77 1
46 23 1
29 37 1
26 208 1
54 87 1
115 39 1
97 77 1
79 85 1
26 67 1
27 115 1
83 14 1
118 48 1
122 63 1
105 29 1
69 47 1
145 12 1
37 54 1
113 77 1
45 54 1
101 41 1
66 93 1
67 89 1
30 111 1
31 103 1
87 10 1
38 31 1
24 132 1
25 58 1
99 31 1
23 84 1
45 71 1
82 61 1
26 168 1
117 105 1
213 11 1
84 102 1
89 21 1
71 93 1
114 55 1
22 148 1
25 171 1
100 102 1
46 30 1
29 62 1
68 15 1
54 46 1
97 70 1
26 74 1
27 72 1
83 23 1
66 37 1
122 70 1
37 63 1
113 70 1
24 28 1
98 63 1
81 29 1
45 47 1
67 94 1
30 86 1
106 47 1
123 45 1
38 22 1
24 139 1
26 179 1
45 64 1
28 24 1
84 109 1
50 13 1
89 30 1
40 11 1
114 46 1
25 172 1
189 11 1
26 34 1
100 109 1
23 194 1
29 55 1
46 33 1
27 208 1
36 95 1
37 87 1
115 53 1
98 71 1
97 95 1
27 65 1
105 15 1
51 71 1
34 21 1
24 99 1
98 54 1
81 22 1
62 48 1
120 23 1
45 40 1
49 45 1
67 71 1
31 85 1
30 89 1
106 22 1
109 11 1
24 146 1
23 106 1
26 186 1
82 47 1
65 109 1
28 23 1
99 13 1
89 103 1
114 41 1
80 89 1
27 169 1
63 96 1
65 30 1
46 40 1
105 103 1
29 48 1
33 53 1
36 70 1
22 17 1
98 94 1
79 32 1
26 92 1
97 80 1
83 37 1
66 55 1
30 49 1
158 10 1
52 70 1
24 106 1
98 49 1
81 15 1
120 30 1
119 62 1
45 33 1
49 38 1
30 64 1
35 23 1
24 153 1
23 99 1
82 38 1
63 24 1
65 102 1
102 45 1
28 110 1
50 63 1
33 93 1
32 105 1
114 32 1
22 185 1
78 10 1
23 208 1
26 52 1
80 80 1
63 105 1
48 105 1
65 23 1
104 86 1
140 12 1
79 61 1
36 77 1
22 40 1
98 89 1
79 41 1
97 105 1
66 14 1
47 16 1
30 56 1
86 53 1
51 85 1
52 77 1
34 39 1
88 95 1
113 105 1
24 113 1
120 37 1
101 77 1
119 55 1
49 95 1
67 53 1
102 85 1
87 46 1
96 30 1
22 193 1
60 12 1
23 120 1
117 77 1
26 140 1
82 33 1
121 10 1
28 101 1
116 81 1
50 54 1
33 86 1
32 96 1
72 23 1
22 176 1
80 87 1
48 96 1
104 93 1
103 63 1
140 11 1
51 45 1
72 102 1
54 10 1
22 35 1
98 80 1
79 54 1
27 84 1
118 23 1
47 25 1
177 10 1
88 38 1
69 12 1
34 62 1
24 120 1
116 41 1
62 37 1
119 12 1
49 80 1
50 94 1
31 64 1
87 39 1
70 37 1
55 94 1
96 21 1
60 11 1
23 113 1
117 86 1
99 32 1
63 14 1
64 78 1
82 24 1
104 53 1
32 103 1
116 88 1
50 49 1
72 30 1
71 62 1
33 111 1
22 75 1
115 96 1
25 136 1
80 78 1
27 188 1
48 103 1
46 61 1
72 109 1
54 13 1
22 58 1
115 17 1
79 63 1
62 93 1
118 110 1
83 56 1
47 38 1
122 101 1
88 45 1
87 79 1
86 71 1
55 38 1
23 25 1
116 48 1
84 25 1
49 73 1
32 15 1
106 10 1
102 71 1
31 73 1
35 10 1
50 89 1
55 87 1
38 53 1
117 95 1
64 69 1
63 55 1
65 73 1
99 41 1
50 40 1
33 96 1
53 109 1
71 55 1
114 77 1
22 66 1
115 105 1
25 145 1
208 10 1
80 69 1
83 80 1
48 30 1
103 45 1
69 109 1
162 10 1
115 22 1
27 34 1
101 23 1
118 97 1
47 47 1
119 109 1
86 94 1
123 86 1
30 45 1
55 63 1
25 120 1
116 63 1
64 45 1
84 32 1
67 40 1
50 80 1
31 54 1
87 53 1
70 23 1
99 46 1
26 153 1
117 88 1
121 29 1
85 15 1
72 12 1
115 110 1
25 154 1
27 138 1
137 11 1
211 12 1
47 71 1
48 21 1
100 55 1
46 79 1
69 86 1
83 89 1
54 31 1
115 31 1
22 52 1
79 13 1
62 79 1
27 59 1
101 16 1
87 93 1
128 12 1
113 21 1
25 65 1
101 97 1
84 47 1
67 17 1
32 29 1
31 63 1
159 10 1
70 14 1
57 11 1
38 39 1
23 156 1
99 87 1
117 33 1
63 37 1
121 38 1
28 73 1
89 77 1
71 37 1
54 103 1
22 92 1
97 29 1
79 101 1
26 19 1
27 131 1
137 12 1
100 62 1
83 94 1
46 86 1
122 15 1
69 95 1
68 71 1
105 77 1
54 22 1
37 102 1
187 12 1
190 11 1
101 25 1
27 48 1
66 109 1
30 31 1
47 61 1
55 13 1
113 14 1
24 84 1
25 74 1
81 101 1
116 13 1
82 109 1
23 36 1
84 54 1
67 22 1
106 103 1
89 37 1
57 12 1
38 94 1
96 49 1
24 195 1
100 86 1
121 47 1
29 78 1
28 64 1
68 63 1
107 12 1
89 86 1
110 11 1
97 22 1
26 26 1
100 37 1
83 103 1
27 152 1
122 22 1
105 54 1
68 78 1
47 85 1
51 14 1
46 89 1
24 44 1
98 15 1
34 93 1
52 55 1
55 10 1
96 89 1
24 91 1
25 83 1
81 94 1
120 79 1
121 71 1
84 61 1
67 31 1
28 40 1
31 45 1
89 46 1
35 38 1
114 30 1
24 202 1
23 146 1
99 69 1
100 93 1
65 85 1
28 95 1
29 71 1
68 38 1
89 95 1
36 15 1
115 69 1
97 47 1
80 33 1
27 145 1
46 96 1
105 63 1
86 11 1
51 23 1
24 51 1
79 24 1
62 96 1
118 77 1
49 29 1
52 62 1
35 94 1
113 56 1
96 80 1
24 162 1
23 58 1
81 87 1
25 84 1
82 95 1
28 39 1
120 86 1
49 110 1
45 105 1
89 55 1
35 47 1
114 25 1
23 171 1
63 80 1
28 86 1
104 31 1
157 11 1
68 45 1
65 46 1
29 64 1
36 54 1
114 104 1
22 97 1
80 24 1
97 32 1
26 108 1
48 49 1
103 78 1
24 58 1
81 63 1
119 78 1
49 22 1
123 11 1
88 23 1
35 71 1
113 49 1
96 87 1
77 11 1
24 169 1
23 51 1
81 72 1
82 86 1
120 93 1
28 62 1
102 29 1
49 103 1
67 13 1
50 111 1
32 57 1
114 16 1
22 137 1
23 160 1
26 196 1
63 89 1
48 89 1
29 89 1
65 39 1
33 30 1
72 47 1
36 61 1
22 120 1
80 31 1
97 57 1
48 40 1
47 96 1
194 11 1
103 71 1
51 101 1
113 89 1
98 24 1
81 48 1
27 28 1
101 61 1
118 95 1
49 15 1
119 71 1
88 30 1
67 101 1
52 12 1
34 102 1
96 110 1
24 176 1
23 72 1
116 97 1
82 81 1
81 65 1
191 12 1
28 53 1
50 102 1
31 24 1
32 48 1
70 109 1
22 128 1
23 185 1
117 14 1
63 70 1
48 80 1
65 56 1
85 53 1
104 13 1
33 23 1
72 86 1
22 115 1
115 88 1
80 22 1
79 70 1
27 100 1
118 39 1
48 47 1
47 105 1
34 14 1
111 12 1
81 41 1
62 21 1
118 86 1
101 38 1
66 72 1
52 11 1
96 101 1
23 65 1
99 16 1
64 30 1
82 72 1
117 102 1
84 81 1
85 77 1
102 15 1
32 55 1
89 10 1
50 97 1
22 155 1
117 23 1
99 97 1
63 79 1
48 87 1
65 49 1
85 62 1
46 13 1
33 40 1
72 93 1
54 93 1
115 33 1
80 13 1
79 79 1
26 121 1
118 62 1
48 38 1
122 53 1
86 23 1
69 37 1
145 10 1
37 12 1
101 47 1
119 85 1
49 57 1
123 30 1
30 101 1
87 12 1
55 103 1
25 48 1
117 111 1
64 21 1
210 12 1
45 77 1
84 88 1
85 86 1
32 78 1
31 14 1
50 24 1
70 95 1
71 103 1
53 61 1
106 77 1
114 61 1
22 146 1
25 161 1
99 102 1
154 10 1
117 16 1
48 78 1
103 29 1
33 33 1
115 38 1
26 64 1
27 114 1
118 49 1
83 17 1
86 46 1
69 46 1
37 53 1
98 37 1
120 10 1
101 40 1
45 53 1
67 88 1
123 23 1
31 102 1
106 37 1
74 10 1
25 57 1
99 30 1
26 169 1
117 104 1
121 109 1
84 103 1
85 95 1
32 69 1
213 10 1
45 70 1
70 86 1
33 73 1
25 170 1
117 25 1
100 103 1
23 196 1
46 31 1
176 10 1
48 69 1
29 61 1
99 111 1
54 47 1
115 47 1
98 77 1
79 93 1
26 75 1
27 75 1
83 22 1
97 69 1
122 71 1
69 23 1
37 62 1
113 69 1
62 14 1
45 46 1
101 81 1
66 85 1
67 65 1
30 87 1
31 111 1
70 62 1
38 23 1
24 140 1
23 108 1
116 69 1
82 53 1
63 21 1
26 176 1
28 25 1
84 110 1
89 29 1
53 15 1
71 85 1
40 12 1
114 47 1
22 172 1
38 102 1
25 179 1
189 10 1
26 35 1
100 110 1
46 38 1
29 54 1
179 12 1
54 38 1
37 86 1
97 94 1
26 82 1
27 64 1
83 31 1
66 61 1
122 78 1
47 13 1
105 14 1
51 70 1
37 39 1
24 100 1
98 55 1
81 21 1
62 49 1
45 39 1
67 70 1
30 94 1
123 37 1
106 23 1
109 10 1
38 14 1
24 147 1
26 187 1
28 16 1
89 102 1
114 38 1
25 180 1
26 42 1
100 21 1
27 168 1
65 29 1
29 15 1
46 41 1
105 102 1
36 71 1
37 95 1
97 87 1
98 95 1
115 61 1
27 89 1
155 12 1
123 77 1
158 11 1
51 79 1
34 45 1
52 71 1
30 54 1
24 107 1
25 99 1
81 14 1
62 56 1
120 31 1
45 32 1
84 13 1
67 79 1
49 37 1
31 93 1
30 65 1
106 30 1
35 22 1
96 24 1
24 154 1
23 98 1
26 130 1
82 39 1
99 53 1
65 101 1
28 111 1
75 12 1
114 33 1
78 11 1
80 81 1
27 161 1
63 104 1
46 48 1
104 87 1
65 22 1
68 101 1
214 12 1
51 39 1
36 78 1
22 41 1
98 86 1
79 40 1
62 80 1
118 29 1
83 45 1
66 15 1
97 104 1
30 57 1
52 78 1
113 104 1
24 114 1
25 100 1
120 38 1
119 54 1
45 25 1
49 94 1
195 11 1
30 72 1
35 31 1
96 31 1
23 123 1
82 30 1
64 72 1
28 102 1
102 37 1
50 55 1
33 85 1
32 97 1
114 88 1
22 177 1
80 72 1
26 60 1
83 69 1
48 97 1
104 94 1
103 62 1
72 103 1
54 11 1
22 32 1
98 81 1
79 49 1
97 97 1
47 24 1
30 32 1
86 77 1
51 93 1
69 11 1
34 63 1
52 85 1
88 39 1
113 97 1
24 121 1
120 45 1
119 15 1
102 77 1
49 87 1
67 61 1
50 95 1
87 38 1
96 22 1
23 112 1
171 11 1
26 148 1
82 25 1
64 79 1
104 54 1
29 105 1
50 46 1
117 85 1
116 89 1
72 31 1
33 110 1
22 72 1
80 79 1
48 24 1
104 69 1
103 55 1
51 53 1
22 59 1
115 16 1
98 104 1
79 62 1
27 44 1
118 111 1
47 33 1
88 46 1
87 78 1
34 54 1
91 11 1
24 64 1
23 24 1
116 49 1
62 45 1
49 72 1
50 86 1
106 11 1
87 63 1
70 29 1
31 72 1
35 13 1
55 86 1
96 45 1
22 208 1
23 137 1
117 94 1
99 40 1
82 16 1
64 70 1
104 61 1
63 54 1
65 72 1
33 103 1
50 41 1
71 54 1
22 67 1
115 104 1
25 144 1
208 11 1
27 180 1
80 70 1
46 69 1
48 31 1
162 11 1
22 50 1
115 25 1
62 69 1
118 102 1
101 22 1
66 24 1
47 46 1
122 109 1
86 95 1
87 71 1
88 53 1
55 62 1
23 17 1
116 56 1
64 46 1
101 103 1
84 33 1
49 65 1
119 29 1
31 49 1
159 12 1
50 81 1
38 45 1
117 39 1
64 93 1
63 63 1
65 65 1
99 81 1
85 14 1
50 32 1
72 13 1
71 47 1
54 109 1
114 69 1
22 90 1
80 61 1
25 153 1
100 48 1
137 10 1
48 22 1
47 70 1
103 37 1
83 88 1
69 85 1
115 30 1
27 58 1
101 31 1
119 101 1
47 55 1
30 21 1
86 86 1
55 55 1
25 64 1
64 37 1
101 96 1
84 40 1
67 16 1
32 30 1
31 62 1
50 72 1
70 15 1
57 10 1
99 86 1
117 32 1
121 37 1
85 23 1
26 16 1
27 130 1
100 63 1
46 87 1
122 12 1
47 79 1
83 97 1
69 94 1
48 13 1
54 23 1
37 101 1
79 21 1
27 51 1
101 24 1
123 103 1
87 85 1
55 12 1
113 13 1
25 73 1
116 14 1
101 105 1
84 55 1
67 25 1
32 21 1
178 12 1
31 39 1
38 95 1
24 196 1
23 148 1
99 95 1
100 87 1
117 41 1
121 46 1
29 77 1
28 65 1
63 45 1
89 85 1
71 29 1
53 71 1
97 21 1
22 84 1
79 109 1
26 27 1
27 155 1
83 102 1
100 38 1
46 94 1
105 53 1
68 79 1
69 71 1
122 23 1
66 101 1
88 10 1
24 92 1
25 82 1
81 93 1
116 21 1
42 10 1
23 60 1
84 62 1
67 30 1
121 70 1
82 101 1
28 41 1
45 111 1
89 45 1
38 86 1
114 31 1
116 104 1
25 195 1
100 94 1
121 55 1
29 70 1
28 88 1
68 39 1
89 94 1
144 10 1
114 110 1
97 46 1
26 98 1
100 45 1
27 144 1
46 97 1
47 93 1
105 62 1
122 30 1
51 22 1
83 111 1
37 23 1
24 52 1
62 97 1
30 14 1
52 63 1
34 85 1
113 63 1
96 81 1
24 163 1
25 91 1
81 86 1
120 87 1
121 79 1
84 69 1
49 109 1
28 32 1
31 21 1
89 54 1
106 86 1
35 46 1
45 104 1
114 22 1
23 170 1
99 77 1
100 69 1
65 45 1
28 87 1
29 95 1
157 10 1
68 46 1
25 196 1
36 55 1
114 105 1
115 77 1
97 39 1
80 25 1
27 105 1
46 104 1
105 39 1
51 31 1
24 59 1
98 30 1
81 62 1
62 104 1
118 69 1
49 21 1
123 10 1
212 10 1
35 70 1
113 48 1
96 104 1
77 10 1
24 170 1
23 50 1
81 79 1
25 92 1
120 94 1
28 63 1
82 87 1
49 102 1
45 97 1
89 63 1
114 17 1
206 12 1
23 163 1
63 88 1
65 38 1
29 88 1
68 21 1
33 29 1
36 62 1
114 96 1
22 121 1
80 16 1
97 56 1
26 116 1
118 45 1
48 41 1
103 70 1
113 88 1
98 25 1
81 55 1
119 70 1
66 78 1
49 14 1
88 31 1
34 103 1
126 12 1
35 79 1
52 13 1
113 41 1
96 111 1
24 177 1
23 75 1
188 10 1
82 78 1
64 24 1
28 54 1
102 21 1
120 101 1
50 103 1
81 64 1
32 49 1
22 129 1
23 184 1
117 13 1
43 12 1
63 65 1
65 63 1
48 81 1
29 81 1
104 14 1
33 22 1
72 87 1
36 37 1
22 112 1
80 23 1
79 65 1
97 49 1
48 32 1
47 104 1
86 29 1
51 109 1
34 15 1
108 10 1
52 101 1
113 81 1
98 16 1
81 40 1
27 20 1
101 37 1
118 87 1
119 95 1
67 109 1
66 73 1
163 11 1
96 102 1
24 184 1
23 64 1
26 164 1
82 73 1
64 31 1
28 13 1
102 12 1
117 101 1
50 30 1
116 105 1
32 72 1
70 101 1
22 152 1
23 177 1
99 96 1
117 22 1
63 78 1
48 72 1
65 48 1
85 61 1
33 47 1
72 94 1
115 32 1
80 14 1
79 78 1
118 63 1
27 124 1
48 39 1
37 11 1
24 16 1
81 33 1
62 29 1
101 46 1
66 64 1
49 56 1
87 15 1
55 102 1
23 89 1
99 24 1
82 64 1
64 22 1
117 110 1
84 89 1
139 11 1
32 79 1
85 85 1
50 25 1
71 102 1
22 147 1
25 160 1
117 31 1
154 11 1
27 196 1
46 21 1
48 79 1
99 105 1
33 32 1
72 69 1
54 85 1
115 41 1
79 87 1
26 65 1
118 54 1
83 16 1
66 40 1
122 61 1
103 109 1
86 47 1
69 45 1
88 69 1
59 11 1
120 11 1
119 45 1
101 87 1
49 49 1
30 109 1
31 97 1
123 22 1
74 11 1
38 29 1
25 56 1
64 109 1
45 69 1
102 62 1
85 94 1
84 96 1
32 70 1
50 16 1
70 87 1
71 95 1
33 72 1
114 53 1
22 170 1
80 109 1
25 169 1
99 110 1
100 96 1
117 24 1
48 70 1
176 11 1
103 21 1
33 57 1
115 46 1
26 72 1
27 74 1
207 11 1
83 25 1
86 38 1
69 22 1
37 61 1
98 61 1
62 15 1
45 45 1
101 80 1
67 64 1
123 47 1
31 110 1
87 29 1
70 63 1
106 45 1
116 70 1
26 177 1
84 111 1
85 103 1
32 93 1
33 65 1
70 78 1
53 14 1
127 11 1
38 103 1
25 178 1
26 32 1
100 111 1
63 101 1
46 39 1
29 53 1
54 39 1
37 85 1
97 93 1
115 55 1
98 69 1
26 83 1
27 67 1
83 30 1
79 37 1
22 28 1
122 79 1
105 13 1
69 31 1
37 38 1
170 12 1
62 54 1
45 38 1
101 89 1
67 73 1
30 95 1
31 87 1
70 54 1
55 77 1
38 15 1
24 148 1
116 77 1
99 15 1
82 45 1
23 100 1
63 29 1
26 184 1
28 17 1
89 101 1
71 77 1
53 23 1
114 39 1
22 164 1
25 187 1
26 43 1
27 171 1
100 22 1
46 46 1
29 14 1
103 11 1
105 101 1
214 10 1
90 12 1
54 62 1
37 94 1
97 86 1
26 90 1
27 88 1
83 39 1
66 53 1
47 21 1
30 55 1
122 86 1
51 78 1
37 47 1
24 108 1
25 98 1
81 13 1
116 37 1
45 31 1
62 57 1
84 14 1
67 78 1
30 70 1
106 31 1
123 61 1
146 12 1
96 25 1
24 155 1
25 19 1
26 131 1
136 10 1
28 104 1
50 61 1
114 94 1
25 188 1
26 50 1
100 29 1
65 21 1
27 160 1
46 49 1
68 102 1
51 38 1
36 79 1
37 71 1
97 111 1
98 87 1
62 81 1
27 81 1
30 62 1
123 69 1
51 87 1
52 79 1
34 37 1
56 10 1
113 111 1
24 115 1
25 107 1
205 12 1
62 32 1
120 39 1
45 24 1
84 21 1
49 93 1
67 55 1
31 69 1
30 73 1
195 10 1
35 30 1
99 17 1
96 16 1
23 122 1
26 138 1
99 61 1
82 31 1
28 103 1
29 111 1
25 20 1
64 73 1
114 89 1
80 73 1
27 185 1
46 56 1
104 95 1
105 87 1
68 109 1
51 47 1
125 12 1
22 33 1
98 110 1
79 48 1
62 88 1
118 21 1
83 53 1
97 96 1
30 33 1
69 10 1
52 86 1
113 96 1
24 122 1
25 108 1
120 46 1
119 14 1
45 17 1
49 86 1
96 23 1
23 115 1
171 10 1
82 22 1
64 64 1
104 55 1
29 104 1
50 47 1
33 109 1
114 80 1
22 73 1
80 64 1
83 77 1
48 25 1
104 70 1
103 54 1
29 25 1
22 56 1
98 105 1
79 57 1
66 30 1
47 32 1
30 40 1
88 47 1
86 69 1
34 55 1
52 93 1
91 10 1
180 10 1
113 25 1
24 65 1
23 27 1
64 40 1
120 53 1
102 69 1
49 79 1
67 37 1
50 87 1
87 62 1
35 12 1
96 46 1
23 136 1
117 93 1
64 71 1
63 49 1
65 79 1
104 62 1
174 12 1
26 156 1
50 38 1
33 102 1
82 17 1
29 97 1
36 21 1
22 64 1
80 71 1
208 12 1
48 16 1
104 77 1
103 47 1
51 61 1
22 51 1
115 24 1
98 96 1
118 103 1
101 21 1
27 36 1
47 41 1
66 25 1
88 54 1
87 70 1
34 78 1
94 12 1
24 72 1
23 16 1
116 57 1
64 47 1
81 105 1
101 102 1
156 10 1
49 64 1
50 78 1
31 48 1
87 55 1
70 21 1
35 53 1
32 24 1
96 37 1
23 129 1
99 80 1
64 94 1
117 38 1
193 11 1
63 62 1
104 37 1
65 64 1
85 13 1
50 33 1
72 14 1
71 46 1
22 91 1
80 62 1
25 152 1
27 140 1
100 49 1
46 77 1
48 23 1
47 65 1
54 29 1
76 10 1
24 32 1
79 15 1
62 77 1
101 30 1
66 16 1
47 54 1
86 87 1
87 95 1
88 61 1
55 54 1
96 77 1
23 41 1
64 38 1
119 21 1
84 41 1
101 111 1
32 31 1
31 57 1
50 73 1
70 12 1
38 37 1
117 47 1
64 85 1
63 39 1
193 12 1
65 89 1
85 22 1
99 89 1
72 53 1
71 39 1
54 101 1
22 82 1
80 53 1
79 103 1
26 17 1
100 56 1
83 96 1
48 14 1
47 78 1
103 93 1
122 13 1
69 93 1
51 11 1
27 50 1
47 63 1
30 29 1
123 102 1
55 15 1
25 72 1
116 15 1
64 61 1
101 104 1
84 48 1
67 24 1
32 22 1
31 38 1
50 64 1
106 101 1
99 94 1
100 80 1
117 40 1
121 45 1
85 31 1
53 70 1
26 24 1
27 154 1
100 39 1
46 95 1
47 87 1
83 105 1
69 70 1
37 109 1
98 13 1
79 29 1
118 72 1
88 11 1
87 109 1
42 11 1
25 81 1
116 22 1
45 110 1
121 69 1
84 63 1
32 45 1
31 47 1
38 87 1
25 194 1
99 71 1
100 95 1
117 49 1
121 54 1
29 69 1
23 172 1
28 89 1
63 85 1
89 93 1
144 11 1
53 79 1
71 21 1
114 111 1
115 71 1
22 108 1
97 45 1
26 99 1
27 147 1
100 46 1
46 102 1
122 31 1
175 11 1
105 61 1
69 79 1
83 110 1
37 22 1
62 102 1
212 12 1
30 15 1
55 29 1
113 62 1
24 164 1
25 90 1
81 85 1
82 93 1
116 29 1
121 78 1
84 70 1
45 103 1
23 52 1
106 87 1
89 53 1
28 33 1
53 39 1
38 78 1
114 23 1
95 11 1
206 10 1
100 70 1
121 63 1
29 94 1
28 80 1
68 47 1
54 78 1
114 102 1
97 38 1
26 106 1
27 104 1
46 105 1
47 101 1
122 38 1
105 38 1
51 30 1
37 31 1
24 60 1
98 31 1
81 61 1
62 105 1
27 25 1
138 12 1
212 11 1
123 13 1
34 109 1
126 10 1
113 55 1
96 105 1
24 171 1
188 12 1
81 78 1
25 35 1
120 95 1
121 87 1
84 77 1
67 15 1
50 109 1
31 29 1
106 94 1
49 101 1
28 56 1
45 96 1
89 62 1
114 14 1
23 162 1
26 194 1
100 77 1
65 37 1
29 87 1
68 22 1
71 11 1
36 63 1
58 12 1
114 97 1
97 63 1
115 85 1
80 17 1
27 97 1
105 47 1
51 103 1
197 12 1
108 12 1
113 95 1
98 22 1
81 54 1
62 16 1
118 93 1
66 79 1
67 103 1
49 13 1
106 54 1
52 14 1
35 78 1
113 40 1
96 96 1
24 178 1
188 11 1
81 71 1
23 74 1
82 79 1
28 55 1
102 10 1
25 36 1
120 102 1
64 25 1
45 89 1
23 187 1
27 201 1
63 64 1
65 62 1
104 15 1
29 80 1
68 29 1
33 21 1
36 38 1
22 113 1
97 48 1
79 64 1
26 124 1
118 37 1
48 33 1
34 12 1
108 11 1
52 102 1
113 80 1
98 17 1
81 47 1
119 94 1
173 12 1
66 70 1
30 96 1
52 21 1
163 10 1
113 33 1
96 103 1
24 185 1
23 67 1
82 70 1
120 109 1
28 14 1
64 16 1
102 13 1
50 31 1
32 73 1
22 153 1
23 176 1
117 21 1
63 73 1
65 55 1
48 73 1
29 41 1
33 46 1
72 95 1
36 45 1
93 12 1
97 73 1
80 15 1
79 73 1
66 46 1
86 21 1
52 109 1
37 10 1
113 73 1
24 17 1
98 40 1
81 32 1
101 45 1
119 87 1
49 63 1
67 85 1
66 65 1
87 14 1
24 128 1
23 88 1
26 172 1
82 65 1
210 10 1
64 23 1
117 109 1
139 10 1
50 22 1
32 64 1
70 93 1
22 144 1
23 201 1
117 30 1
99 104 1
48 64 1
103 31 1
33 39 1
72 70 1
115 40 1
79 86 1
118 55 1
27 116 1
66 41 1
88 70 1
34 30 1
59 10 1
24 24 1
81 25 1
120 12 1
101 86 1
66 88 1
49 48 1
31 96 1
35 101 1
23 81 1
82 56 1
64 110 1
84 97 1
85 93 1
32 71 1
33 79 1
102 63 1
142 12 1
71 94 1
50 17 1
38 109 1
22 171 1
80 110 1
25 168 1
100 97 1
48 71 1
176 12 1
46 29 1
68 10 1
33 56 1
72 77 1
54 45 1
115 49 1
22 26 1
79 95 1
26 73 1
118 14 1
207 10 1
83 24 1
122 69 1
105 11 1
88 77 1
69 21 1
103 101 1
86 39 1
66 32 1
101 95 1
119 37 1
49 41 1
30 85 1
31 105 1
123 46 1
38 21 1
116 71 1
64 101 1
63 23 1
65 105 1
102 54 1
84 104 1
32 94 1
85 102 1
161 11 1
70 79 1
71 87 1
127 10 1
53 13 1
33 64 1
114 45 1
22 162 1
80 101 1
25 177 1
26 33 1
100 104 1
103 13 1
33 49 1
116 72 1
115 54 1
26 80 1
27 66 1
44 10 1
83 33 1
47 15 1
105 12 1
86 62 1
69 30 1
37 37 1
98 53 1
62 55 1
45 37 1
101 88 1
102 94 1
67 72 1
123 39 1
31 86 1
87 21 1
70 55 1
106 21 1
38 12 1
22 202 1
116 78 1
99 14 1
26 185 1
32 85 1
33 89 1
161 12 1
70 70 1
53 22 1
25 186 1
26 40 1
27 170 1
100 23 1
46 47 1
63 109 1
103 10 1
29 13 1
214 11 1
54 63 1
37 93 1
115 63 1
98 93 1
97 85 1
26 91 1
27 91 1
83 38 1
118 24 1
122 87 1
22 20 1
123 79 1
79 45 1
37 46 1
25 97 1
116 38 1
62 62 1
45 30 1
101 65 1
84 15 1
67 49 1
30 71 1
31 95 1
70 46 1
55 69 1
24 156 1
23 124 1
99 55 1
136 11 1
26 128 1
82 37 1
116 85 1
117 65 1
25 18 1
28 105 1
89 109 1
53 31 1
71 69 1
114 95 1
22 188 1
25 131 1
26 51 1
27 163 1
100 30 1
46 54 1
105 109 1
68 103 1
54 54 1
37 70 1
97 110 1
62 86 1
27 80 1
83 47 1
66 13 1
122 94 1
30 63 1
47 29 1
51 86 1
56 11 1
55 45 1
113 110 1
24 116 1
116 45 1
25 106 1
205 11 1
45 23 1
62 33 1
84 22 1
67 54 1
30 78 1
123 53 1
38 62 1
96 17 1
22 196 1
25 27 1
26 139 1
121 15 1
29 110 1
28 96 1
50 53 1
114 86 1
25 132 1
26 58 1
27 184 1
83 71 1
46 57 1
29 31 1
105 86 1
51 46 1
125 11 1
143 11 1
37 79 1
97 103 1
98 111 1
115 13 1
62 89 1
27 41 1
30 38 1
123 93 1
51 95 1
34 61 1
180 12 1
52 87 1
113 103 1
24 123 1
25 115 1
62 40 1
120 47 1
45 16 1
84 29 1
67 63 1
50 93 1
31 77 1
106 14 1
49 85 1
96 40 1
23 114 1
26 146 1
99 37 1
82 23 1
25 28 1
174 10 1
29 103 1
64 65 1
114 81 1
97 15 1
115 101 1
80 65 1
27 177 1
46 64 1
104 71 1
29 24 1
68 85 1
51 55 1
105 95 1
22 57 1
98 102 1
79 56 1
62 64 1
118 109 1
83 61 1
66 31 1
30 41 1
52 94 1
180 11 1
113 24 1
94 10 1
24 66 1
23 26 1
25 116 1
64 41 1
120 54 1
156 12 1
49 78 1
35 15 1
96 47 1
23 139 1
82 14 1
63 48 1
65 78 1
29 96 1
104 63 1
50 39 1
33 101 1
64 88 1
36 22 1
39 11 1
22 65 1
114 72 1
80 56 1
83 85 1
48 17 1
104 78 1
103 46 1
29 17 1
36 101 1
76 12 1
22 48 1
98 97 1
66 22 1
47 40 1
30 16 1
86 93 1
88 55 1
34 79 1
52 37 1
113 17 1
24 73 1
23 19 1
81 104 1
64 32 1
120 61 1
119 31 1
156 11 1
67 45 1
50 79 1
49 71 1
87 54 1
70 10 1
101 101 1
32 25 1
96 38 1
23 128 1
117 37 1
64 95 1
63 57 1
65 71 1
193 10 1
28 77 1
104 38 1
85 12 1
72 15 1
36 29 1
22 88 1
80 63 1
97 25 1
47 64 1
103 39 1
76 11 1
24 33 1
79 14 1
27 60 1
119 103 1
101 29 1
47 49 1
66 17 1
88 62 1
141 12 1
87 94 1
34 70 1
96 78 1
24 80 1
23 40 1
81 97 1
64 39 1
101 110 1
50 70 1
31 56 1
32 16 1
70 13 1
35 61 1
96 61 1
23 153 1
117 46 1
64 86 1
99 88 1
63 38 1
104 45 1
85 21 1
65 88 1
72 54 1
71 38 1
22 83 1
80 54 1
61 12 1
79 102 1
27 132 1
100 57 1
48 15 1
122 10 1
46 85 1
47 73 1
51 10 1
54 21 1
24 40 1
79 23 1
66 104 1
47 62 1
87 87 1
35 85 1
55 14 1
96 69 1
23 33 1
82 104 1
64 62 1
84 49 1
32 23 1
178 10 1
31 33 1
50 65 1
38 93 1
117 55 1
100 81 1
63 47 1
65 81 1
99 65 1
85 30 1
72 61 1
71 31 1
53 69 1
22 106 1
115 65 1
79 111 1
26 25 1
100 32 1
80 45 1
83 104 1
47 86 1
122 21 1
103 85 1
69 69 1
118 73 1
101 15 1
49 25 1
88 12 1
86 102 1
25 80 1
153 11 1
64 53 1
116 23 1
45 109 1
84 56 1
102 102 1
32 46 1
31 46 1
106 109 1
114 29 1
25 193 1
99 70 1
100 88 1
117 48 1
121 53 1
85 39 1
144 12 1
53 78 1
36 10 1
115 70 1
26 96 1
27 146 1
100 47 1
48 61 1
47 95 1
175 10 1
46 103 1
69 78 1
86 14 1
73 11 1
37 21 1
62 103 1
118 64 1
87 101 1
113 61 1
25 89 1
116 30 1
153 12 1
45 102 1
121 77 1
84 71 1
32 37 1
31 23 1
53 38 1
129 11 1
38 79 1
95 10 1
206 11 1
99 79 1
100 71 1
63 93 1
121 62 1
29 93 1
117 57 1
23 164 1
28 81 1
25 202 1
53 87 1
54 79 1
71 13 1
114 103 1
115 79 1
22 100 1
97 37 1
26 107 1
27 107 1
118 40 1
46 110 1
122 39 1
105 37 1
69 55 1
73 12 1
37 30 1
62 110 1
27 24 1
101 49 1
67 97 1
123 12 1
126 11 1
55 21 1
113 54 1
24 172 1
23 76 1
81 77 1
25 34 1
116 101 1
121 86 1
84 78 1
67 14 1
28 57 1
82 85 1
45 95 1
106 95 1
53 47 1
89 61 1
129 12 1
38 70 1
114 15 1
22 140 1
26 195 1
100 78 1
29 86 1
68 23 1
71 10 1
54 70 1
97 62 1
26 114 1
27 96 1
122 46 1
105 46 1
47 109 1
51 102 1
197 11 1
113 94 1
98 23 1
81 53 1
62 17 1
27 17 1
67 102 1
106 55 1
52 15 1
34 101 1
113 47 1
96 97 1
24 179 1
25 43 1
81 70 1
120 103 1
121 95 1
102 11 1
28 48 1
50 101 1
106 70 1
84 85 1
45 88 1
23 186 1
26 202 1
27 200 1
65 61 1
29 47 1
68 30 1
36 39 1
115 93 1
97 55 1
27 121 1
105 23 1
52 103 1
34 13 1
113 87 1
98 46 1
81 46 1
62 24 1
118 85 1
173 11 1
66 71 1
67 111 1
30 97 1
106 62 1
52 22 1
113 32 1
24 186 1
23 66 1
99 21 1
82 71 1
26 162 1
28 15 1
25 44 1
64 17 1
45 81 1
89 15 1
23 179 1
27 193 1
63 72 1
46 16 1
29 40 1
65 54 1
33 45 1
36 46 1
93 11 1
97 72 1
79 72 1
26 68 1
118 61 1
83 13 1
66 47 1
113 72 1
24 18 1
98 41 1
81 39 1
45 57 1
119 86 1
66 94 1
49 62 1
30 104 1
52 29 1
24 129 1
23 91 1
82 62 1
210 11 1
64 104 1
50 23 1
32 65 1
142 10 1
114 56 1
22 145 1
80 104 1
23 200 1
117 29 1
65 15 1
48 65 1
29 33 1
103 30 1
68 12 1
33 38 1
72 71 1
36 85 1
97 65 1
79 81 1
207 12 1
66 38 1
86 45 1
88 71 1
34 31 1
113 65 1
24 25 1
98 32 1
81 24 1
120 13 1
119 47 1
101 85 1
67 93 1
49 55 1
66 89 1
24 136 1
23 80 1
26 180 1
82 57 1
64 111 1
28 29 1
50 14 1
33 78 1
32 88 1
70 85 1
127 12 1
22 168 1
80 111 1
23 193 1
104 101 1
103 23 1
68 11 1
33 63 1
72 78 1
115 48 1
22 27 1
98 72 1
79 94 1
118 15 1
27 76 1
44 12 1
66 33 1
105 10 1
88 78 1
34 22 1
24 96 1
81 17 1
62 13 1
101 94 1
66 80 1
49 40 1
31 104 1
87 31 1
70 61 1
35 109 1
38 10 1
96 13 1
23 105 1
116 64 1
82 48 1
64 102 1
63 22 1
84 105 1
102 55 1
32 95 1
33 71 1
161 10 1
65 104 1
53 12 1
71 86 1
85 101 1
38 101 1
22 163 1
80 102 1
25 176 1
100 105 1
63 103 1
46 37 1
65 25 1
103 12 1
33 48 1
54 37 1
115 57 1
22 18 1
79 39 1
26 81 1
44 11 1
83 32 1
66 56 1
47 14 1
122 77 1
86 63 1
69 29 1
88 85 1
170 10 1
101 71 1
119 61 1
49 33 1
30 93 1
102 95 1
31 81 1
123 38 1
55 79 1
38 13 1
116 79 1
117 71 1
99 49 1
63 31 1
65 97 1
102 46 1
32 86 1
33 88 1
70 71 1
53 21 1
71 79 1
114 37 1
22 186 1
80 93 1
25 185 1
26 41 1
100 16 1
90 10 1
115 62 1
26 88 1
27 90 1
118 25 1
83 41 1
47 23 1
123 78 1
86 54 1
30 53 1
37 45 1
25 96 1
116 39 1
62 63 1
192 10 1
101 64 1
102 86 1
67 48 1
123 63 1
31 94 1
87 45 1
70 47 1
45 29 1
106 29 1
146 10 1
22 194 1
116 86 1
26 129 1
99 54 1
136 12 1
117 64 1
25 17 1
32 109 1
33 81 1
53 30 1
25 130 1
26 48 1
27 162 1
100 31 1
46 55 1
48 109 1
83 65 1
54 55 1
112 10 1
37 69 1
97 109 1
22 44 1
79 53 1
62 87 1
27 83 1
83 46 1
118 16 1
98 85 1
122 95 1
123 71 1
69 15 1
56 12 1
113 109 1
205 10 1
25 105 1
116 46 1
62 38 1
45 22 1
101 73 1
84 23 1
67 57 1
195 12 1
31 71 1
30 79 1
70 38 1
55 93 1
38 63 1
116 93 1
99 63 1
23 116 1
26 136 1
25 26 1
29 109 1
117 73 1
121 14 1
82 29 1
63 13 1
28 97 1
53 103 1
71 61 1
114 87 1
22 180 1
25 139 1
26 59 1
27 187 1
83 70 1
46 62 1
29 30 1
105 85 1
69 103 1
125 10 1
143 10 1
54 14 1
37 78 1
41 11 1
97 102 1
62 94 1
27 40 1
83 55 1
47 37 1
30 39 1
122 102 1
51 94 1
55 37 1
113 102 1
24 124 1
25 114 1
116 53 1
23 28 1
45 15 1
62 41 1
84 30 1
67 62 1
106 15 1
38 54 1
96 41 1
26 147 1
171 12 1
121 23 1
174 11 1
29 102 1
50 45 1
114 78 1
97 14 1
25 140 1
27 176 1
83 79 1
46 65 1
29 23 1
105 94 1
68 86 1
51 54 1
100 13 1
41 12 1
115 21 1
98 103 1
62 65 1
27 33 1
30 46 1
123 85 1
52 95 1
34 53 1
91 12 1
113 31 1
94 11 1
24 67 1
25 123 1
120 55 1
84 37 1
49 77 1
67 39 1
31 53 1
50 85 1
35 14 1
96 32 1
23 138 1
26 154 1
99 45 1
65 77 1
82 15 1
64 89 1
89 71 1
36 23 1
39 10 1
115 109 1
114 73 1
80 57 1
27 137 1
46 72 1
104 79 1
29 16 1
68 93 1
51 63 1
211 11 1
105 71 1
36 102 1
22 49 1
62 72 1
118 101 1
66 23 1
30 17 1
52 38 1
113 16 1
96 72 1
24 74 1
25 124 1
23 18 1
64 33 1
120 62 1
119 30 1
81 111 1
49 70 1
70 11 1
35 55 1
96 39 1
23 131 1
64 80 1
63 56 1
28 78 1
65 70 1
85 11 1
68 53 1
104 39 1
36 30 1
114 64 1
22 89 1
80 48 1
97 24 1
26 20 1
83 93 1
103 38 1
36 109 1
187 11 1
24 34 1
119 102 1
66 110 1
47 48 1
30 24 1
88 63 1
141 11 1
52 45 1
34 71 1
86 85 1
96 79 1
24 81 1
23 43 1
81 96 1
64 56 1
120 69 1
101 109 1
119 23 1
67 21 1
50 71 1
82 110 1
32 17 1
96 62 1
24 192 1
23 152 1
117 45 1
64 87 1
63 33 1
28 69 1
104 46 1
65 95 1
107 11 1
72 55 1
22 80 1
80 55 1
61 11 1
79 97 1
97 17 1
122 11 1
47 72 1
103 95 1
51 13 1
24 41 1
79 22 1
27 52 1
66 105 1
47 57 1
87 86 1
34 94 1
96 70 1
24 88 1
23 32 1
81 89 1
64 63 1
82 105 1
28 45 1
32 40 1
178 11 1
31 32 1
35 37 1
96 53 1
23 145 1
99 64 1
117 54 1
63 46 1
65 80 1
104 21 1
85 29 1
33 15 1
72 62 1
71 30 1
36 12 1
22 107 1
115 64 1
80 46 1
79 110 1
27 156 1
100 33 1
46 93 1
47 81 1
175 12 1
24 48 1
79 31 1
118 78 1
101 14 1
66 96 1
49 24 1
86 103 1
88 13 1
35 93 1
96 93 1
23 57 1
153 10 1
82 96 1
64 54 1
116 16 1
84 57 1
49 105 1
102 103 1
32 47 1
31 41 1
38 85 1
95 12 1
25 192 1
117 63 1
100 89 1
63 87 1
65 41 1
99 73 1
85 38 1
72 37 1
53 77 1
36 11 1
71 23 1
114 109 1
22 98 1
115 73 1
80 37 1
26 97 1
100 40 1
48 62 1
47 94 1
103 77 1
86 15 1
69 77 1
122 29 1
88 101 1
73 10 1
118 65 1
119 77 1
101 55 1
49 17 1
30 13 1
55 31 1
25 88 1
116 31 1
64 13 1
45 101 1
84 64 1
102 30 1
32 38 1
31 22 1
106 85 1
53 37 1
129 10 1
114 21 1
22 138 1
25 201 1
99 78 1
100 64 1
117 56 1
121 61 1
85 47 1
33 25 1
71 12 1
53 86 1
115 78 1
26 104 1
27 106 1
118 41 1
48 53 1
47 103 1
194 12 1
46 111 1
69 54 1
37 29 1
98 29 1
62 111 1
27 27 1
101 48 1
138 10 1
118 88 1
123 15 1
67 96 1
113 53 1
25 33 1
116 102 1
45 94 1
121 85 1
84 79 1
85 71 1
32 61 1
31 31 1
53 46 1
38 71 1
23 188 1
26 192 1
100 79 1
63 69 1
48 93 1
104 10 1
29 85 1
53 95 1
54 71 1
58 10 1
115 87 1
22 124 1
97 61 1
26 115 1
27 99 1
118 32 1
79 69 1
122 47 1
105 45 1
69 63 1
197 10 1
113 93 1
62 22 1
27 16 1
101 57 1
66 77 1
67 105 1
160 10 1
55 109 1
113 46 1
24 180 1
23 68 1
81 69 1
82 77 1
25 42 1
121 94 1
84 86 1
116 109 1
45 87 1
28 49 1
106 71 1
53 55 1
71 109 1
22 132 1
46 14 1
29 46 1
68 31 1
54 94 1
97 54 1
26 122 1
27 120 1
122 54 1
105 22 1
34 10 1
37 15 1
113 86 1
98 47 1
81 45 1
62 25 1
45 63 1
173 10 1
67 110 1
30 102 1
106 63 1
123 29 1
52 23 1
163 12 1
113 39 1
24 187 1
25 51 1
26 163 1
45 80 1
121 103 1
84 93 1
50 29 1
106 78 1
31 13 1
89 14 1
114 62 1
23 178 1
99 101 1
27 192 1
65 53 1
46 17 1
29 39 1
36 47 1
93 10 1
115 37 1
97 79 1
27 113 1
105 31 1
113 79 1
24 19 1
98 38 1
81 38 1
45 56 1
66 95 1
49 61 1
30 105 1
31 101 1
67 87 1
52 30 1
106 38 1
24 130 1
23 90 1
26 170 1
82 63 1
99 29 1
25 52 1
64 105 1
139 12 1
45 73 1
89 23 1
142 11 1
114 57 1
80 105 1
65 14 1
46 24 1
29 32 1
68 13 1
33 37 1
36 86 1
204 10 1
97 64 1
98 78 1
79 80 1
26 76 1
118 53 1
83 21 1
66 39 1
113 64 1
59 12 1
24 26 1
98 33 1
81 31 1
120 14 1
119 46 1
66 86 1
49 54 1
30 80 1
45 49 1
97 13 1
35 103 1
24 137 1
23 83 1
82 54 1
64 96 1
28 30 1
102 61 1
50 15 1
124 10 1
33 77 1
32 89 1
114 48 1
22 169 1
80 96 1
23 192 1
26 36 1
29 57 1
103 22 1
104 102 1
33 62 1
179 11 1
72 79 1
36 93 1
22 24 1
98 73 1
79 89 1
97 89 1
66 62 1
103 103 1
86 37 1
51 69 1
88 79 1
34 23 1
24 97 1
98 56 1
81 16 1
120 21 1
101 93 1
119 39 1
49 47 1
67 69 1
66 81 1
87 30 1
38 11 1
96 14 1
24 144 1
23 104 1
26 188 1
82 49 1
63 17 1
28 21 1
64 103 1
65 111 1
116 65 1
33 70 1
32 80 1
70 77 1
53 11 1
22 160 1
80 103 1
63 102 1
65 24 1
104 109 1
103 15 1
33 55 1
115 56 1
22 19 1
98 64 1
79 38 1
27 68 1
155 11 1
66 57 1
88 86 1
34 46 1
24 104 1
170 11 1
62 53 1
101 70 1
49 32 1
31 80 1
87 23 1
70 53 1
35 21 1
55 78 1
22 200 1
23 97 1
99 48 1
82 40 1
63 30 1
117 70 1
102 47 1
85 109 1
65 96 1
33 95 1
32 87 1
71 78 1
75 11 1
22 187 1
80 94 1
25 184 1
27 172 1
63 111 1
100 17 1
65 17 1
46 45 1
90 11 1
54 61 1
22 42 1
79 47 1
26 89 1
118 30 1
83 40 1
66 48 1
47 22 1
122 85 1
86 55 1
88 93 1
116 32 1
192 11 1
101 79 1
102 87 1
49 89 1
30 69 1
119 53 1
31 89 1
123 62 1
146 11 1
55 71 1
22 195 1
116 87 1
117 79 1
99 57 1
25 16 1
102 38 1
50 56 1
33 80 1
32 110 1
72 21 1
53 29 1
71 71 1
114 93 1
22 178 1
80 85 1
25 129 1
26 49 1
100 24 1
83 64 1
48 110 1
103 61 1
143 12 1
112 11 1
27 82 1
118 17 1
83 49 1
47 31 1
123 70 1
86 78 1
69 14 1
30 61 1
55 47 1
25 104 1
116 47 1
62 39 1
45 21 1
101 72 1
102 78 1
84 16 1
67 56 1
31 70 1
87 37 1
70 39 1
123 55 1
116 94 1
26 137 1
99 62 1
25 25 1
117 72 1
121 13 1
32 101 1
33 105 1
53 102 1
25 138 1
26 56 1
27 186 1
83 73 1
46 63 1
29 29 1
48 101 1
69 102 1
54 15 1
37 77 1
41 10 1
115 15 1
98 109 1
97 101 1
62 95 1
27 43 1
83 54 1
118 104 1
122 103 1
22 36 1
45 85 1
87 77 1
123 95 1
113 101 1
25 113 1
116 54 1
62 46 1
45 14 1
119 11 1
84 31 1
67 33 1
32 13 1
106 12 1
31 79 1
70 30 1
55 85 1
38 55 1
23 140 1
99 39 1
82 21 1
26 144 1
121 22 1
63 53 1
117 81 1
29 101 1
71 53 1
114 79 1
115 103 1
22 76 1
25 147 1
39 12 1
27 179 1
83 78 1
100 14 1
46 70 1
29 22 1
68 87 1
105 93 1
162 12 1
62 70 1
27 32 1
83 63 1
66 29 1
47 45 1
30 47 1
55 61 1
113 30 1
24 68 1
25 122 1
116 61 1
23 20 1
84 38 1
67 38 1
38 46 1
96 33 1
26 155 1
121 31 1
50 37 1
89 70 1
72 10 1
114 70 1
25 148 1
27 136 1
83 87 1
211 10 1
47 69 1
105 70 1
68 94 1
51 62 1
100 53 1
46 73 1
36 103 1
115 29 1
62 73 1
27 57 1
30 22 1
123 109 1
34 77 1
52 39 1
128 10 1
113 23 1
96 73 1
24 75 1
25 67 1
81 110 1
120 63 1
84 45 1
49 69 1
50 77 1
31 61 1
67 47 1
35 54 1
96 56 1
23 130 1
99 85 1
64 81 1
65 69 1
28 79 1
85 10 1
68 54 1
89 79 1
36 31 1
114 65 1
97 31 1
80 49 1
27 129 1
46 80 1
105 79 1
68 69 1
24 35 1
187 10 1
66 111 1
30 25 1
141 10 1
52 46 1
96 64 1
24 82 1
23 42 1
81 103 1
25 68 1
120 70 1
82 111 1
119 22 1
64 57 1
89 39 1
35 63 1
96 63 1
24 193 1
23 155 1
63 32 1
65 94 1
28 70 1
104 47 1
68 61 1
196 10 1
107 10 1
22 81 1
80 40 1
61 10 1
26 28 1
79 96 1
83 101 1
97 16 1
103 94 1
51 12 1
24 42 1
79 17 1
190 12 1
66 102 1
47 56 1
86 109 1
34 95 1
35 87 1
52 53 1
96 71 1
24 89 1
23 35 1
81 88 1
64 48 1
120 77 1
28 46 1
102 109 1
67 29 1
82 102 1
32 41 1
96 54 1
24 200 1
23 144 1
117 53 1
63 41 1
28 93 1
104 22 1
29 73 1
65 87 1
33 14 1
72 63 1
36 13 1
110 12 1
22 104 1
80 47 1
79 105 1
97 41 1
172 10 1
48 56 1
47 80 1
103 87 1
51 21 1
24 49 1
79 30 1
209 11 1
118 79 1
101 13 1
66 97 1
49 31 1
88 14 1
34 86 1
96 94 1
24 160 1
23 56 1
116 17 1
64 55 1
82 97 1
28 37 1
81 81 1
49 104 1
32 32 1
31 40 1
35 45 1
92 10 1
23 169 1
117 62 1
99 72 1
63 86 1
65 40 1
104 29 1
85 37 1
72 38 1
71 22 1
22 99 1
115 72 1
80 38 1
27 148 1
100 41 1
48 63 1
46 101 1
47 89 1
86 12 1
88 102 1
24 56 1
81 57 1
209 12 1
62 101 1
101 54 1
118 70 1
49 16 1
88 21 1
87 103 1
35 69 1
55 30 1
96 85 1
23 49 1
116 24 1
64 14 1
82 88 1
84 65 1
49 97 1
102 31 1
31 17 1
32 39 1
38 77 1
22 139 1
25 200 1
100 65 1
63 95 1
65 33 1
85 46 1
33 24 1
72 45 1
71 15 1
54 77 1
53 85 1
114 101 1
22 122 1
115 81 1
80 29 1
26 105 1
118 46 1
48 54 1
47 102 1
122 37 1
103 69 1
69 53 1
88 109 1
27 26 1
101 63 1
138 11 1
119 69 1
118 89 1
123 14 1
55 23 1
116 103 1
25 32 1
45 93 1
84 72 1
85 70 1
32 62 1
31 30 1
102 22 1
50 104 1
53 45 1
106 93 1
114 13 1
22 130 1
43 11 1
26 193 1
100 72 1
48 94 1
104 11 1
85 55 1
33 17 1
53 94 1
58 11 1
115 86 1
26 112 1
27 98 1
118 33 1
48 45 1
47 111 1
86 30 1
69 62 1
98 21 1
62 23 1
27 19 1
101 56 1
118 80 1
67 104 1
160 11 1
106 53 1
113 45 1
25 41 1
116 110 1
45 86 1
191 11 1
84 87 1
85 79 1
32 53 1
121 93 1
70 102 1
53 54 1
23 180 1
26 200 1
27 202 1
63 77 1
46 15 1
48 85 1
29 45 1
54 95 1
115 95 1
22 116 1
79 77 1
26 123 1
27 123 1
118 56 1
97 53 1
122 55 1
105 21 1
69 39 1
34 11 1
37 14 1
111 11 1
113 85 1
62 30 1
45 62 1
101 33 1
66 69 1
67 81 1
30 103 1
55 101 1
113 38 1
24 188 1
25 50 1
99 23 1
23 92 1
82 69 1
26 160 1
84 94 1
117 97 1
121 102 1
45 79 1
89 13 1
106 79 1
53 63 1
71 101 1
114 63 1
22 156 1
25 163 1
154 12 1
27 195 1
46 22 1
29 38 1
54 86 1
204 12 1
97 78 1
26 66 1
27 112 1
83 15 1
66 45 1
122 62 1
105 30 1
37 55 1
113 78 1
24 20 1
98 39 1
81 37 1
45 55 1
67 86 1
123 21 1
106 39 1
87 11 1
52 31 1
30 110 1
74 12 1
38 30 1
24 131 1
25 59 1
26 171 1
45 72 1
84 101 1
50 21 1
124 12 1
213 12 1
89 22 1
114 54 1
25 164 1
99 109 1
23 202 1
100 101 1
46 25 1
29 63 1
65 13 1
68 14 1
36 87 1
204 11 1
97 71 1
98 79 1
115 45 1
27 73 1
34 29 1
113 71 1
24 27 1
98 62 1
81 30 1
120 15 1
45 48 1
66 87 1
67 95 1
30 81 1
31 109 1
49 53 1
106 46 1
35 102 1
24 138 1
23 82 1
26 178 1
82 55 1
25 60 1
28 31 1
64 97 1
45 65 1
124 11 1
89 31 1
40 10 1
114 49 1
80 97 1
23 195 1
189 12 1
46 32 1
104 103 1
29 56 1
33 61 1
179 10 1
36 94 1
22 25 1
98 70 1
79 88 1
26 84 1
118 13 1
83 29 1
66 63 1
97 88 1
103 102 1
24 98 1
98 57 1
81 23 1
120 22 1
119 38 1
45 41 1
49 46 1
30 88 1
109 12 1
96 15 1
24 145 1
23 107 1
82 46 1
63 16 1
28 22 1
102 53 1
65 110 1
32 81 1
33 69 1
53 10 1
114 40 1
22 161 1
80 88 1
26 44 1
63 97 1
65 31 1
29 49 1
103 14 1
33 54 1
36 69 1
22 16 1
98 65 1
79 33 1
97 81 1
155 10 1
66 54 1
30 48 1
86 61 1
51 77 1
88 87 1
34 47 1
52 69 1
24 105 1
98 48 1
120 29 1
119 63 1
102 93 1
67 77 1
49 39 1
101 69 1
87 22 1
22 201 1
24 152 1
23 96 1
26 132 1
117 69 1
63 25 1
28 109 1
82 41 1
65 103 1
50 62 1
33 94 1
116 73 1
70 69 1
32 104 1
75 10 1
22 184 1
80 95 1
63 110 1
48 104 1
65 16 1
104 85 1
51 37 1
22 43 1
98 88 1
79 46 1
27 92 1
118 31 1
66 49 1
47 17 1
158 12 1
88 94 1
34 38 1
24 112 1
116 33 1
62 61 1
192 12 1
101 78 1
49 88 1
31 88 1
87 47 1
70 45 1
35 29 1
55 70 1
96 29 1
22 192 1
23 121 1
99 56 1
117 78 1
82 32 1
121 11 1
102 39 1
116 80 1
50 57 1
33 87 1
32 111 1
72 22 1
71 70 1
22 179 1
80 86 1
25 128 1
78 12 1
27 164 1
100 25 1
46 53 1
48 111 1
140 10 1
72 101 1
54 53 1
112 12 1
22 34 1
79 55 1
62 85 1
118 22 1
83 48 1
47 30 1
177 11 1
86 79 1
88 37 1
122 93 1
69 13 1
55 46 1
116 40 1
119 13 1
102 79 1
84 17 1
123 54 1
30 77 1
49 81 1
31 65 1
55 95 1
38 61 1
60 10 1
116 95 1
25 24 1
64 77 1
63 15 1
121 12 1
117 87 1
99 33 1
50 48 1
32 102 1
33 104 1
72 29 1
71 63 1
53 101 1
114 85 1
22 74 1
115 97 1
25 137 1
26 57 1
80 77 1
83 72 1
48 102 1
103 53 1
69 101 1
54 12 1
115 14 1
27 42 1
118 105 1
83 57 1
47 39 1
177 12 1
123 94 1
86 70 1
30 37 1
55 39 1
25 112 1
116 55 1
62 47 1
45 13 1
119 10 1
84 24 1
102 70 1
32 14 1
31 78 1
87 61 1
70 31 1
67 32 1
50 88 1
35 11 1
106 13 1
26 145 1
99 38 1
117 80 1
121 21 1
33 97 1
115 102 1
25 146 1
100 15 1
27 178 1
46 71 1
29 21 1
48 29 1
83 81 1
115 23 1
22 60 1
98 101 1
62 71 1
27 35 1
83 62 1
118 96 1
123 87 1
87 69 1
113 29 1
25 121 1
116 62 1
84 39 1
67 41 1
31 55 1
70 22 1
38 47 1
23 132 1
99 47 1
26 152 1
117 89 1
121 30 1
82 13 1
63 61 1
89 69 1
72 11 1
71 45 1
114 71 1
115 111 1
22 68 1
25 155 1
27 139 1
83 86 1
46 78 1
100 54 1
105 69 1
68 95 1
69 87 1
54 30 1
62 78 1
27 56 1
101 17 1
66 21 1
47 53 1
30 23 1
128 11 1
55 53 1
113 22 1
24 76 1
25 66 1
81 109 1
23 44 1
84 46 1
67 46 1
159 11 1
38 38 1
96 57 1
28 72 1
121 39 1
68 55 1
196 12 1
89 78 1
54 102 1
97 30 1
25 156 1
26 18 1
100 61 1
83 95 1
27 128 1
47 77 1
105 78 1
68 70 1
122 14 1
46 81 1
37 103 1
24 36 1
190 10 1
27 49 1
30 30 1
123 101 1
34 69 1
52 47 1
113 15 1
96 65 1
24 83 1
25 75 1
81 102 1
120 71 1
84 53 1
67 23 1
50 69 1
31 37 1
106 102 1
89 38 1
35 62 1
96 48 1
24 194 1
23 154 1
99 93 1
100 85 1
65 93 1
28 71 1
29 79 1
68 62 1
196 11 1
89 87 1
110 10 1
97 23 1
80 41 1
27 153 1
172 12 1
46 88 1
105 55 1
68 77 1
51 15 1
24 43 1
98 14 1
79 16 1
66 103 1
52 54 1
35 86 1
55 11 1
96 88 1
24 90 1
23 34 1
81 95 1
25 76 1
120 78 1
28 47 1
82 103 1
42 12 1
64 49 1
89 47 1
35 39 1
92 12 1
96 55 1
24 201 1
23 147 1
63 40 1
65 86 1
28 94 1
29 72 1
68 37 1
33 13 1
104 23 1
36 14 1
22 105 1
80 32 1
79 104 1
26 100 1
172 11 1
83 109 1
48 57 1
97 40 1
103 86 1
86 10 1
24 50 1
79 25 1
209 10 1
49 30 1
88 15 1
86 101 1
52 61 1
34 87 1
35 95 1
113 57 1
96 95 1
24 161 1
23 59 1
81 80 1
82 94 1
120 85 1
28 38 1
102 101 1
49 111 1
32 33 1
92 11 1
114 24 1
24 208 1
23 168 1
117 61 1
63 81 1
28 85 1
65 47 1
157 12 1
29 65 1
104 30 1
72 39 1
36 53 1
22 96 1
80 39 1
97 33 1
48 48 1
47 88 1
103 79 1
88 103 1
51 29 1
86 13 1
24 57 1
81 56 1
118 71 1
119 79 1
101 53 1
49 23 1
99 25 1
88 22 1
87 102 1
96 86 1
77 12 1
24 168 1
23 48 1
116 25 1
64 15 1
82 89 1
28 61 1
81 73 1
49 96 1
50 110 1
31 16 1
32 56 1
22 136 1
23 161 1
63 94 1
48 88 1
65 32 1
85 45 1
33 31 1
72 46 1
71 14 1
22 123 1
80 30 1
115 80 1
27 108 1
118 47 1
48 55 1
194 10 1
46 109 1
47 97 1
81 49 1
62 109 1
118 94 1
101 62 1
88 29 1
35 77 1
55 22 1
96 109 1
23 73 1
116 96 1
82 80 1
84 73 1
85 69 1
32 63 1
31 25 1
102 23 1
50 105 1
38 69 1
22 131 1
43 10 1
117 15 1
100 73 1
63 71 1
48 95 1
104 12 1
85 54 1
65 57 1
25 208 1
33 16 1
72 85 1
53 93 1
54 69 1
22 114 1
115 89 1
80 21 1
26 113 1
79 71 1
118 38 1
48 46 1
47 110 1
122 45 1
86 31 1
69 61 1
27 18 1
119 93 1
101 39 1
118 81 1
160 12 1
52 10 1
25 40 1
117 103 1
64 29 1
116 111 1
191 10 1
84 80 1

59 0 0
5 68 0
3 35 0
0 20 0
41 2 0
5 44 0
4 36 0
3 52 0
2 84 0
62 2 0
0 76 0
1 83 0
2 67 0
25 1 0
74 1 0
93 2 0
2 5 0
1 11 0
0 61 0
27 2 0
3 69 0
4 93 0
77 1 0
9 0 0
5 5 0
4 19 0
3 45 0
79 2 0
1 45 0
0 83 0
40 0 0
61 0 0
5 84 0
3 51 0
1 28 0
0 4 0
24 1 0
92 0 0
5 60 0
4 52 0
2 27 0
2 68 0
74 2 0
1 67 0
27 1 0
8 2 0
76 1 0
5 11 0
4 5 0
2 53 0
1 59 0
0 45 0
5 77 0
6 0 0
3 85 0
11 0 0
60 2 0
79 1 0
5 21 0
4 35 0
3 61 0
42 0 0
0 67 0
91 2 0
96 2 0
1 84 0
3 12 0
2 28 0
1 12 0
0 52 0
26 1 0
45 2 0
94 0 0
4 68 0
2 11 0
78 1 0
2 99 0
5 27 0
4 21 0
2 37 0
1 43 0
0 93 0
5 93 0
1 21 0
0 27 0
91 1 0
5 37 0
4 51 0
44 0 0
3 11 0
1 68 0
26 2 0
75 0 0
4 12 0
3 28 0
2 12 0
1 60 0
0 36 0
28 1 0
57 2 0
4 84 0
2 59 0
78 2 0
7 2 0
5 67 0
1 99 0
0 21 0
41 1 0
5 43 0
4 37 0
2 85 0
43 2 0
0 77 0
1 5 0
0 11 0
25 0 0
93 1 0
5 53 0
4 67 0
95 2 0
0 99 0
3 68 0
3 27 0
77 0 0
5 4 0
4 28 0
3 44 0
2 60 0
1 44 0
0 84 0
7 1 0
40 1 0
2 43 0
5 83 0
1 19 0
0 5 0
24 2 0
43 1 0
5 59 0
4 53 0
1 93 0
2 69 0
92 1 0
4 11 0
3 5 0
27 0 0
1 53 0
0 59 0
76 2 0
95 1 0
3 67 0
4 83 0
9 2 0
58 0 0
5 76 0
6 1 0
3 84 0
3 43 0
79 0 0
5 20 0
4 44 0
3 60 0
2 44 0
42 1 0
0 68 0
61 2 0
2 91 0
5 99 0
45 1 0
2 29 0
1 3 0
0 53 0
94 1 0
3 77 0
4 69 0
1 77 0
8 0 0
5 13 0
4 27 0
3 21 0
1 37 0
0 43 0
6 2 0
3 83 0
4 99 0
60 0 0
5 92 0
3 59 0
1 20 0
0 28 0
42 2 0
91 0 0
5 36 0
4 60 0
2 19 0
2 92 0
44 1 0
96 0 0
1 91 0
2 75 0
94 2 0
23 2 0
4 13 0
28 2 0
2 13 0
1 51 0
0 37 0
57 1 0
3 93 0
4 85 0
10 0 0
59 2 0
5 29 0
4 43 0
3 37 0
0 91 0
41 0 0
3 99 0
62 0 0
2 20 0
1 4 0
0 12 0
93 0 0
5 52 0
4 76 0
2 3 0
2 76 0
23 1 0
1 75 0
5 3 0
4 29 0
2 61 0
1 35 0
0 85 0
5 69 0
7 0 0
40 2 0
59 1 0
0 19 0
5 45 0
4 59 0
3 53 0
43 0 0
92 2 0
0 75 0
1 92 0
25 2 0
74 0 0
3 4 0
2 4 0
1 52 0
0 60 0
95 0 0
4 92 0
2 51 0
9 1 0
58 1 0
5 75 0
77 2 0
11 2 0
5 19 0
4 45 0
61 1 0
2 45 0
0 69 0
5 85 0
1 29 0
0 3 0
24 0 0
5 61 0
4 75 0
45 0 0
3 76 0
3 3 0
1 76 0
76 0 0
8 1 0
5 12 0
4 4 0
3 20 0
2 52 0
1 36 0
0 44 0
58 2 0
11 1 0
2 35 0
60 1 0
5 91 0
0 29 0
5 35 0
4 61 0
1 85 0
2 93 0
44 2 0
96 1 0
3 13 0
1 13 0
0 51 0
26 0 0
75 2 0
3 75 0
4 91 0
57 0 0
3 92 0
3 19 0
10 1 0
78 0 0
5 28 0
4 20 0
3 36 0
2 36 0
0 92 0
62 1 0
2 83 0
2 21 0
1 27 0
0 13 0
5 51 0
4 77 0
1 69 0
2 77 0
75 1 0
23 0 0
4 3 0
3 29 0
28 0 0
1 61 0
0 35 0
3 91 0
10 2 0

22 85 0
50 10 0
22 23 0
22 13 0
22 54 0
81 10 0
99 10 0
22 79 0
22 37 0
66 10 0
79 10 0
84 10 0
22 103 0
22 93 0
97 10 0
115 10 0
118 10 0
22 31 0
82 10 0
22 62 0
100 10 0
22 55 0
22 45 0
22 86 0
113 10 0
22 69 0
98 10 0
22 14 0
116 10 0
32 10 0
22 38 0
22 63 0
22 21 0
114 10 0
22 94 0
22 87 0
48 10 0
22 77 0
101 10 0
28 10 0
22 15 0
22 101 0
22 46 0
30 10 0
22 39 0
64 10 0
22 29 0
117 10 0
33 10 0
22 70 0
22 95 0
31 10 0
22 53 0
46 10 0
80 10 0
22 109 0
22 22 0
49 10 0
67 10 0
22 47 0
29 10 0
47 10 0
22 78 0
62 10 0
22 71 0
96 10 0
22 61 0
22 102 0
65 10 0
83 10 0
45 10 0
63 10 0
22 30 0

