0 175 1
5 178 1
43 3 1
9 183 1
63 76 1
29 44 1
80 12 1
15 30 1
62 31 1
8 87 1
99 22 1
32 77 1
14 77 1
8 38 1
65 11 1
4 178 1
61 63 1
98 36 1
13 13 1
74 13 1
23 84 1
40 4 1
3 152 1
46 30 1
16 29 1
2 64 1
97 70 1
83 23 1
59 14 1
45 47 1
49 52 1
92 78 1
1 137 1
25 3 1
82 52 1
1 58 1
7 4 1
58 44 1
44 15 1
158 3 1
91 44 1
24 99 1
6 87 1
81 22 1
10 26 1
101 91 1
67 71 1
91 93 1
63 19 1
33 68 1
124 3 1
57 78 1
5 150 1
100 20 1
33 53 1
5 39 1
9 60 1
66 55 1
56 1 1
42 60 1
5 72 1
62 59 1
38 0 1
4 112 1
75 13 1
95 70 1
4 7 1
65 23 1
41 30 1
4 150 1
61 67 1
27 95 1
155 2 1
94 21 1
23 11 1
84 11 1
3 103 1
60 12 1
50 54 1
26 63 1
93 101 1
79 54 1
83 51 1
45 19 1
106 3 1
96 21 1
25 31 1
11 28 1
1 6 1
78 20 1
44 92 1
7 104 1
6 160 1
10 175 1
0 73 1
20 4 1
6 51 1
134 4 1
10 62 1
67 35 1
171 1 1
63 55 1
29 99 1
0 151 1
80 69 1
5 138 1
43 75 1
137 2 1
29 20 1
62 68 1
9 88 1
66 27 1
15 86 1
119 2 1
32 6 1
95 21 1
8 111 1
99 46 1
14 5 1
122 4 1
47 71 1
51 0 1
4 138 1
27 59 1
47 52 1
17 1 1
3 50 1
23 47 1
64 36 1
84 47 1
50 75 1
13 85 1
74 69 1
40 77 1
168 2 1
64 83 1
2 153 1
97 29 1
150 1 1
79 101 1
26 19 1
83 94 1
46 86 1
16 101 1
2 8 1
59 54 1
31 36 1
92 54 1
7 63 1
1 98 1
7 76 1
48 3 1
24 44 1
101 2 1
10 67 1
30 6 1
91 20 1
24 91 1
6 31 1
81 94 1
67 31 1
57 21 1
43 38 1
100 93 1
63 43 1
9 154 1
29 71 1
33 12 1
100 44 1
15 5 1
76 53 1
42 101 1
5 127 1
166 2 1
28 39 1
75 68 1
4 72 1
8 11 1
65 46 1
28 86 1
8 154 1
47 91 1
41 86 1
98 1 1
27 7 1
74 22 1
3 46 1
60 69 1
23 51 1
64 0 1
84 67 1
3 191 1
60 52 1
46 3 1
93 60 1
12 6 1
49 15 1
25 38 1
45 91 1
7 35 1
11 36 1
1 78 1
78 76 1
44 36 1
7 176 1
48 47 1
6 104 1
10 103 1
101 38 1
0 49 1
77 61 1
0 160 1
114 2 1
5 177 1
9 182 1
63 79 1
29 43 1
80 13 1
9 7 1
62 28 1
66 67 1
8 88 1
28 11 1
32 78 1
8 39 1
61 62 1
8 182 1
94 62 1
98 37 1
13 12 1
3 10 1
23 87 1
50 19 1
2 174 1
40 5 1
46 31 1
12 91 1
16 30 1
2 65 1
97 69 1
22 4 1
79 93 1
26 75 1
83 22 1
45 46 1
49 43 1
1 136 1
92 79 1
82 53 1
1 57 1
7 7 1
58 45 1
10 136 1
158 0 1
0 110 1
91 47 1
24 100 1
81 21 1
6 84 1
10 27 1
67 70 1
30 94 1
91 92 1
33 91 1
57 77 1
100 21 1
63 99 1
29 15 1
33 52 1
5 38 1
9 35 1
66 52 1
56 2 1
42 61 1
38 1 1
4 113 1
99 53 1
65 101 1
14 46 1
75 12 1
65 22 1
41 29 1
4 151 1
98 86 1
27 94 1
47 19 1
84 20 1
74 46 1
3 102 1
60 13 1
50 55 1
2 178 1
26 60 1
83 69 1
46 59 1
140 4 1
93 100 1
59 45 1
49 87 1
106 0 1
31 67 1
35 4 1
92 83 1
96 22 1
25 30 1
11 31 1
58 94 1
78 21 1
44 93 1
54 2 1
6 161 1
30 43 1
0 74 1
91 11 1
6 48 1
10 63 1
43 61 1
171 0 1
63 54 1
5 137 1
80 70 1
137 1 1
29 19 1
5 26 1
62 69 1
9 95 1
32 7 1
75 91 1
95 20 1
8 16 1
47 70 1
51 3 1
47 55 1
17 0 1
23 46 1
64 37 1
13 84 1
40 78 1
168 3 1
3 66 1
64 84 1
2 150 1
97 28 1
79 100 1
46 87 1
12 99 1
2 9 1
79 21 1
96 67 1
31 39 1
92 55 1
7 62 1
11 59 1
1 97 1
7 79 1
48 4 1
24 45 1
101 1 1
10 64 1
30 7 1
0 86 1
91 23 1
24 92 1
81 93 1
6 28 1
67 30 1
57 20 1
9 153 1
100 94 1
29 70 1
33 3 1
100 45 1
15 4 1
184 0 1
76 54 1
5 126 1
166 3 1
32 35 1
75 71 1
4 73 1
8 12 1
99 77 1
65 45 1
28 87 1
94 67 1
41 85 1
98 30 1
27 6 1
74 23 1
3 17 1
60 70 1
64 1 1
84 76 1
3 190 1
60 53 1
117 4 1
46 0 1
16 51 1
2 122 1
93 59 1
12 7 1
49 14 1
92 100 1
59 85 1
25 37 1
82 78 1
31 27 1
92 27 1
7 34 1
11 39 1
58 22 1
78 77 1
44 37 1
6 105 1
7 192 1
101 37 1
10 100 1
30 99 1
0 50 1
77 60 1
0 161 1
114 3 1
5 176 1
43 5 1
63 78 1
33 47 1
80 14 1
9 6 1
42 70 1
5 82 1
62 29 1
8 89 1
28 4 1
32 79 1
14 83 1
75 99 1
8 40 1
61 61 1
8 183 1
94 63 1
13 11 1
74 11 1
23 86 1
2 175 1
40 6 1
3 154 1
46 28 1
12 84 1
16 31 1
2 94 1
93 31 1
97 68 1
79 92 1
12 43 1
45 45 1
1 143 1
96 11 1
1 56 1
78 62 1
7 6 1
11 67 1
6 186 1
7 151 1
10 137 1
158 1 1
0 111 1
91 46 1
77 79 1
24 101 1
81 20 1
6 85 1
10 24 1
30 95 1
91 95 1
0 30 1
63 29 1
57 76 1
80 91 1
100 22 1
29 14 1
9 34 1
66 53 1
56 3 1
4 114 1
95 51 1
99 52 1
65 100 1
14 47 1
75 15 1
65 21 1
41 28 1
4 144 1
98 87 1
155 4 1
94 27 1
23 5 1
84 21 1
13 47 1
74 47 1
40 83 1
3 105 1
60 14 1
174 2 1
50 52 1
26 61 1
83 68 1
2 34 1
93 99 1
83 53 1
59 44 1
49 86 1
106 1 1
92 44 1
96 23 1
25 29 1
82 22 1
11 30 1
72 0 1
58 95 1
44 94 1
7 106 1
54 3 1
6 166 1
6 49 1
10 60 1
67 37 1
43 60 1
171 3 1
5 136 1
43 77 1
80 71 1
137 0 1
15 35 1
76 19 1
5 25 1
9 94 1
42 30 1
4 86 1
95 23 1
8 17 1
28 76 1
14 11 1
75 43 1
122 2 1
51 2 1
94 100 1
61 101 1
27 61 1
47 54 1
64 38 1
13 83 1
74 67 1
40 79 1
168 4 1
64 85 1
2 151 1
97 19 1
46 84 1
12 28 1
93 71 1
2 6 1
79 20 1
96 68 1
153 3 1
31 38 1
96 51 1
7 57 1
135 4 1
1 96 1
7 78 1
48 5 1
24 46 1
6 130 1
101 0 1
10 65 1
30 4 1
0 87 1
91 22 1
77 23 1
24 93 1
81 92 1
6 29 1
67 1 1
0 198 1
57 27 1
9 152 1
63 85 1
100 95 1
29 69 1
33 2 1
80 35 1
100 46 1
15 7 1
184 1 1
76 55 1
42 99 1
9 122 1
166 0 1
32 36 1
75 70 1
4 74 1
95 11 1
8 13 1
99 76 1
65 44 1
47 101 1
41 84 1
98 31 1
74 20 1
3 16 1
60 71 1
23 77 1
64 2 1
84 77 1
40 43 1
3 161 1
60 54 1
117 3 1
46 1 1
16 52 1
97 63 1
12 0 1
16 67 1
49 13 1
92 101 1
1 162 1
59 84 1
25 36 1
82 79 1
92 20 1
78 35 1
7 29 1
11 38 1
58 23 1
44 38 1
7 178 1
10 146 1
148 4 1
6 110 1
81 47 1
10 101 1
101 36 1
77 59 1
0 162 1
57 55 1
114 0 1
5 191 1
43 4 1
33 46 1
5 192 1
80 15 1
9 5 1
66 46 1
15 27 1
76 91 1
42 71 1
5 81 1
8 90 1
99 27 1
28 5 1
4 46 1
8 41 1
41 39 1
61 60 1
8 184 1
94 60 1
98 35 1
40 7 1
26 38 1
46 29 1
12 85 1
2 95 1
93 30 1
97 91 1
79 95 1
12 36 1
59 3 1
45 44 1
1 142 1
96 12 1
82 51 1
1 63 1
78 63 1
58 43 1
7 150 1
10 182 1
0 96 1
77 78 1
6 74 1
81 11 1
10 25 1
30 92 1
0 31 1
91 94 1
63 28 1
0 142 1
57 83 1
80 92 1
100 23 1
29 13 1
9 33 1
56 4 1
42 59 1
62 62 1
8 118 1
99 55 1
14 44 1
75 14 1
95 67 1
65 20 1
41 3 1
4 145 1
98 84 1
47 29 1
23 4 1
192 0 1
84 22 1
13 46 1
74 44 1
40 84 1
3 104 1
60 15 1
174 3 1
50 53 1
2 176 1
83 71 1
79 51 1
83 52 1
59 47 1
49 85 1
31 77 1
92 45 1
25 28 1
82 23 1
72 1 1
58 92 1
78 27 1
44 95 1
7 101 1
54 0 1
6 167 1
10 170 1
91 13 1
6 54 1
10 61 1
67 36 1
43 63 1
171 2 1
33 101 1
43 76 1
100 11 1
76 12 1
5 24 1
62 75 1
9 93 1
66 22 1
15 83 1
76 99 1
42 31 1
75 93 1
4 87 1
95 22 1
8 18 1
99 83 1
65 71 1
28 77 1
122 3 1
94 101 1
61 100 1
27 60 1
3 55 1
64 39 1
50 70 1
60 19 1
64 86 1
36 4 1
150 4 1
26 30 1
83 99 1
46 85 1
12 29 1
93 70 1
2 7 1
187 1 1
79 23 1
96 69 1
59 75 1
25 79 1
153 2 1
96 52 1
7 56 1
11 61 1
1 103 1
44 67 1
7 73 1
48 6 1
24 47 1
10 78 1
101 15 1
30 5 1
0 40 1
77 22 1
24 94 1
6 18 1
81 83 1
67 0 1
43 27 1
9 159 1
63 84 1
29 68 1
33 1 1
80 36 1
100 47 1
15 6 1
184 2 1
9 121 1
166 1 1
32 37 1
132 0 1
8 14 1
99 79 1
65 35 1
61 23 1
47 100 1
41 91 1
98 28 1
74 21 1
23 76 1
64 3 1
84 78 1
74 100 1
40 44 1
3 160 1
60 55 1
117 2 1
46 6 1
16 53 1
2 120 1
97 62 1
12 1 1
16 68 1
49 12 1
1 161 1
59 87 1
25 43 1
82 76 1
31 5 1
92 21 1
7 28 1
48 83 1
182 2 1
58 20 1
78 83 1
44 39 1
24 11 1
6 111 1
81 46 1
10 98 1
101 35 1
57 54 1
114 1 1
5 190 1
43 7 1
33 45 1
80 0 1
9 4 1
66 47 1
76 84 1
42 68 1
5 80 1
62 3 1
66 94 1
8 91 1
28 6 1
75 101 1
4 47 1
8 42 1
65 15 1
41 38 1
4 190 1
61 59 1
8 185 1
94 61 1
3 15 1
60 100 1
50 14 1
26 39 1
12 86 1
93 29 1
79 94 1
26 86 1
83 27 1
12 37 1
45 43 1
96 13 1
25 7 1
1 62 1
78 60 1
11 69 1
6 184 1
44 11 1
7 145 1
10 183 1
0 97 1
77 77 1
6 75 1
10 6 1
101 71 1
67 75 1
30 93 1
0 16 1
63 31 1
0 143 1
5 146 1
80 93 1
43 99 1
29 12 1
9 32 1
66 51 1
62 63 1
38 4 1
95 61 1
8 119 1
99 54 1
14 45 1
8 198 1
4 146 1
98 85 1
61 95 1
27 83 1
47 28 1
23 7 1
192 1 1
84 23 1
13 45 1
74 45 1
40 85 1
64 75 1
174 0 1
2 177 1
26 59 1
83 70 1
46 62 1
2 32 1
83 55 1
59 46 1
45 15 1
49 84 1
31 76 1
92 46 1
82 20 1
72 2 1
1 26 1
58 93 1
7 100 1
48 27 1
54 1 1
30 46 1
91 12 1
20 0 1
24 67 1
6 55 1
10 58 1
67 39 1
43 62 1
63 51 1
33 100 1
43 79 1
100 52 1
15 45 1
76 13 1
5 7 1
9 92 1
66 23 1
42 28 1
156 4 1
75 92 1
4 80 1
8 19 1
65 70 1
28 78 1
75 45 1
47 67 1
122 0 1
51 4 1
61 99 1
27 63 1
3 54 1
23 43 1
84 43 1
50 71 1
70 2 1
3 71 1
60 44 1
64 87 1
26 31 1
12 30 1
93 69 1
187 0 1
79 22 1
96 70 1
25 78 1
153 1 1
96 53 1
7 59 1
11 60 1
1 102 1
44 60 1
7 72 1
48 7 1
6 128 1
10 79 1
101 14 1
0 41 1
77 21 1
24 95 1
6 19 1
67 3 1
9 158 1
63 87 1
29 67 1
33 0 1
80 37 1
15 1 1
184 3 1
62 100 1
9 120 1
28 35 1
32 38 1
132 1 1
8 15 1
99 78 1
61 22 1
8 158 1
94 70 1
98 29 1
27 27 1
3 18 1
23 79 1
64 4 1
84 79 1
74 101 1
2 198 1
40 45 1
117 1 1
46 7 1
16 54 1
2 121 1
97 61 1
79 69 1
12 2 1
16 69 1
49 3 1
1 160 1
59 86 1
82 77 1
45 87 1
31 4 1
92 22 1
7 31 1
48 84 1
1 66 1
182 3 1
58 21 1
10 144 1
48 35 1
24 12 1
81 45 1
10 99 1
57 53 1
43 6 1
9 186 1
63 75 1
29 39 1
33 44 1
80 1 1
9 11 1
66 44 1
15 101 1
76 85 1
42 69 1
5 95 1
66 95 1
8 92 1
99 29 1
28 7 1
14 86 1
75 100 1
4 40 1
8 43 1
65 14 1
41 37 1
4 191 1
98 78 1
8 186 1
74 54 1
3 14 1
60 101 1
23 83 1
84 99 1
50 15 1
2 170 1
3 159 1
26 36 1
46 35 1
12 87 1
93 28 1
26 87 1
12 38 1
59 5 1
49 47 1
92 75 1
96 14 1
25 6 1
58 70 1
78 61 1
7 3 1
11 68 1
6 185 1
44 4 1
7 144 1
30 51 1
158 4 1
0 98 1
91 35 1
77 76 1
6 72 1
101 70 1
10 7 1
0 17 1
63 30 1
33 95 1
0 128 1
5 145 1
80 94 1
29 11 1
5 34 1
9 39 1
62 60 1
95 60 1
8 120 1
95 77 1
61 94 1
47 31 1
94 30 1
23 6 1
192 2 1
13 44 1
40 86 1
3 106 1
64 76 1
174 1 1
50 51 1
2 142 1
46 63 1
140 0 1
2 33 1
97 101 1
79 61 1
83 54 1
45 14 1
49 75 1
31 79 1
92 47 1
82 21 1
11 19 1
72 3 1
1 25 1
7 103 1
48 28 1
10 168 1
30 47 1
0 78 1
91 15 1
20 1 1
24 68 1
6 52 1
10 59 1
67 38 1
171 4 1
43 78 1
100 53 1
15 44 1
76 14 1
5 6 1
9 67 1
190 2 1
66 20 1
15 93 1
42 29 1
32 27 1
75 95 1
4 81 1
8 20 1
99 85 1
65 69 1
28 79 1
14 14 1
75 44 1
122 1 1
27 62 1
47 51 1
88 0 1
17 4 1
3 57 1
84 52 1
50 68 1
70 3 1
74 78 1
3 70 1
60 45 1
2 146 1
26 28 1
83 101 1
46 91 1
12 31 1
93 68 1
187 3 1
96 71 1
59 77 1
25 77 1
153 0 1
31 35 1
92 51 1
96 54 1
7 58 1
135 1 1
11 63 1
44 61 1
7 75 1
6 129 1
10 76 1
101 13 1
30 11 1
0 42 1
77 20 1
6 16 1
67 2 1
43 29 1
63 86 1
33 7 1
80 38 1
15 0 1
184 4 1
5 122 1
62 101 1
9 127 1
28 60 1
32 39 1
132 2 1
8 48 1
28 83 1
169 3 1
61 21 1
8 159 1
94 71 1
151 4 1
74 19 1
23 78 1
64 5 1
40 46 1
3 162 1
117 0 1
46 4 1
16 55 1
2 118 1
93 55 1
97 60 1
79 68 1
83 1 1
12 3 1
16 70 1
49 2 1
1 167 1
96 99 1
45 86 1
31 7 1
92 23 1
78 38 1
7 30 1
48 85 1
11 91 1
1 65 1
182 0 1
7 175 1
10 145 1
48 36 1
24 13 1
81 44 1
10 96 1
0 54 1
57 52 1
9 185 1
29 38 1
33 35 1
80 2 1
9 10 1
66 45 1
15 100 1
76 86 1
5 94 1
66 92 1
8 93 1
99 28 1
32 67 1
14 87 1
4 41 1
8 44 1
65 13 1
41 36 1
4 184 1
98 79 1
94 35 1
98 62 1
13 7 1
74 55 1
3 113 1
50 12 1
3 158 1
26 37 1
16 19 1
93 27 1
2 90 1
26 84 1
83 29 1
12 39 1
59 4 1
49 46 1
92 68 1
96 15 1
25 5 1
82 46 1
58 71 1
11 71 1
58 54 1
6 190 1
44 5 1
77 75 1
6 73 1
101 69 1
10 4 1
67 77 1
30 67 1
91 83 1
0 18 1
33 94 1
0 129 1
5 144 1
43 101 1
80 95 1
5 33 1
9 38 1
42 38 1
62 61 1
4 126 1
95 63 1
8 121 1
28 100 1
14 51 1
75 3 1
95 76 1
98 83 1
61 93 1
27 85 1
47 30 1
94 31 1
192 3 1
13 43 1
74 43 1
40 87 1
64 77 1
2 143 1
97 11 1
46 60 1
140 1 1
2 62 1
97 100 1
79 60 1
45 13 1
31 78 1
96 43 1
72 4 1
1 24 1
58 91 1
78 30 1
7 102 1
10 198 1
48 29 1
11 99 1
6 154 1
10 169 1
30 44 1
0 79 1
91 14 1
20 2 1
24 69 1
6 53 1
10 56 1
57 3 1
63 61 1
39 4 1
80 59 1
100 54 1
137 4 1
15 47 1
76 15 1
62 78 1
9 66 1
190 3 1
66 21 1
15 92 1
32 28 1
75 94 1
4 82 1
95 19 1
8 21 1
99 84 1
65 68 1
14 15 1
75 47 1
47 77 1
88 1 1
3 56 1
23 37 1
84 53 1
50 69 1
13 79 1
70 0 1
74 79 1
40 51 1
3 73 1
60 46 1
97 23 1
79 99 1
26 29 1
83 100 1
16 91 1
93 67 1
187 2 1
59 76 1
25 76 1
92 12 1
96 55 1
7 53 1
135 0 1
11 62 1
44 62 1
7 74 1
6 134 1
10 77 1
101 12 1
77 19 1
6 17 1
67 5 1
57 31 1
43 28 1
100 91 1
33 6 1
80 39 1
15 3 1
76 51 1
5 121 1
9 126 1
52 4 1
166 4 1
28 61 1
4 54 1
132 3 1
8 49 1
169 2 1
61 20 1
8 128 1
94 68 1
98 27 1
27 29 1
60 67 1
64 6 1
74 99 1
40 47 1
46 5 1
2 119 1
93 54 1
97 51 1
79 71 1
83 0 1
12 60 1
16 71 1
49 1 1
1 166 1
96 100 1
82 75 1
45 85 1
31 6 1
78 39 1
7 25 1
48 86 1
1 64 1
182 1 1
58 19 1
78 86 1
7 174 1
10 158 1
48 37 1
148 0 1
24 14 1
81 35 1
6 98 1
10 97 1
30 100 1
0 55 1
77 55 1
0 166 1
57 59 1
9 184 1
29 37 1
80 3 1
9 9 1
76 87 1
42 67 1
62 6 1
66 93 1
8 94 1
99 31 1
32 68 1
14 84 1
4 42 1
8 45 1
65 12 1
41 43 1
4 185 1
98 76 1
47 5 1
98 63 1
13 6 1
74 52 1
3 112 1
50 13 1
2 168 1
40 11 1
3 129 1
16 20 1
97 95 1
79 91 1
26 85 1
83 28 1
59 7 1
49 45 1
31 85 1
1 130 1
92 69 1
25 4 1
82 47 1
58 68 1
78 3 1
11 70 1
58 55 1
6 191 1
44 6 1
7 146 1
10 178 1
91 37 1
6 78 1
81 15 1
101 68 1
10 5 1
67 76 1
33 93 1
0 130 1
57 87 1
5 159 1
43 100 1
100 19 1
5 32 1
62 83 1
9 37 1
66 14 1
42 39 1
4 127 1
95 62 1
8 122 1
99 59 1
28 101 1
95 79 1
4 14 1
41 7 1
61 92 1
27 84 1
94 28 1
192 4 1
50 94 1
60 11 1
64 78 1
26 6 1
83 75 1
46 61 1
140 2 1
2 63 1
79 63 1
59 35 1
45 12 1
96 44 1
82 19 1
11 21 1
1 31 1
78 31 1
44 91 1
7 97 1
48 30 1
54 4 1
10 86 1
101 23 1
30 45 1
0 64 1
20 3 1
24 70 1
6 42 1
10 57 1
43 51 1
63 60 1
80 60 1
100 55 1
15 46 1
62 79 1
9 65 1
190 0 1
15 95 1
42 27 1
32 29 1
8 22 1
99 87 1
65 91 1
14 12 1
75 46 1
61 15 1
47 76 1
41 99 1
47 61 1
88 2 1
23 36 1
64 59 1
84 54 1
13 78 1
70 1 1
74 76 1
40 52 1
3 72 1
60 47 1
36 0 1
2 144 1
97 22 1
16 92 1
79 19 1
59 79 1
25 83 1
82 100 1
31 45 1
92 13 1
7 52 1
135 3 1
44 63 1
172 4 1
7 69 1
24 51 1
6 135 1
10 74 1
101 11 1
6 22 1
81 87 1
67 4 1
57 30 1
43 31 1
100 68 1
33 5 1
100 43 1
86 2 1
15 2 1
76 44 1
5 120 1
28 62 1
18 4 1
4 55 1
8 50 1
65 39 1
169 1 1
4 198 1
61 19 1
8 129 1
94 69 1
41 95 1
27 28 1
3 23 1
60 92 1
64 7 1
60 51 1
93 53 1
79 70 1
83 3 1
12 61 1
49 0 1
96 101 1
25 47 1
45 84 1
31 1 1
78 36 1
7 24 1
48 87 1
11 93 1
1 71 1
78 87 1
44 35 1
7 169 1
10 159 1
48 38 1
148 1 1
24 15 1
6 99 1
10 110 1
101 47 1
67 83 1
30 101 1
0 8 1
77 54 1
0 167 1
5 186 1
9 191 1
29 36 1
80 4 1
9 8 1
66 43 1
62 7 1
8 95 1
99 30 1
32 69 1
14 85 1
8 46 1
65 3 1
4 186 1
98 77 1
61 55 1
27 75 1
47 4 1
98 60 1
13 5 1
74 53 1
64 99 1
2 169 1
40 12 1
3 128 1
26 35 1
46 38 1
16 21 1
2 88 1
97 94 1
83 31 1
59 6 1
45 39 1
49 44 1
31 84 1
1 129 1
92 70 1
25 11 1
82 44 1
1 50 1
58 69 1
58 52 1
44 7 1
30 54 1
91 36 1
6 79 1
81 14 1
101 67 1
67 79 1
91 85 1
63 27 1
33 92 1
57 86 1
5 158 1
100 28 1
5 47 1
9 36 1
66 15 1
42 36 1
62 35 1
4 120 1
75 5 1
95 78 1
4 15 1
41 6 1
4 158 1
61 91 1
27 87 1
94 29 1
23 3 1
84 19 1
50 95 1
3 111 1
60 4 1
64 79 1
174 4 1
50 46 1
26 7 1
140 3 1
79 62 1
83 59 1
45 11 1
96 45 1
11 20 1
1 30 1
78 28 1
44 84 1
7 96 1
48 31 1
11 101 1
6 152 1
10 87 1
101 22 1
0 65 1
24 71 1
6 43 1
10 38 1
67 43 1
63 63 1
80 61 1
43 67 1
62 76 1
9 64 1
190 1 1
66 19 1
15 94 1
156 0 1
32 30 1
95 29 1
8 23 1
99 86 1
14 13 1
61 14 1
47 79 1
27 51 1
47 60 1
88 3 1
3 58 1
23 39 1
64 60 1
84 55 1
50 67 1
13 77 1
74 77 1
40 53 1
36 1 1
2 145 1
97 21 1
26 27 1
46 94 1
16 93 1
187 4 1
49 27 1
59 78 1
82 101 1
31 44 1
92 14 1
7 55 1
135 2 1
1 122 1
7 68 1
48 59 1
24 52 1
10 75 1
138 4 1
30 14 1
81 86 1
6 23 1
67 7 1
57 29 1
43 30 1
100 69 1
63 83 1
9 130 1
104 0 1
29 95 1
33 4 1
9 19 1
86 3 1
15 13 1
76 45 1
5 103 1
28 63 1
4 48 1
8 51 1
65 38 1
169 0 1
8 130 1
47 99 1
41 94 1
151 1 1
27 31 1
74 30 1
3 22 1
60 93 1
23 75 1
84 75 1
3 167 1
46 11 1
93 52 1
83 2 1
12 62 1
49 7 1
92 99 1
25 46 1
45 83 1
31 0 1
78 37 1
7 27 1
11 92 1
1 70 1
78 84 1
44 28 1
7 168 1
48 39 1
148 2 1
6 96 1
10 111 1
101 46 1
0 9 1
185 3 1
77 53 1
0 184 1
167 4 1
5 185 1
9 190 1
29 35 1
80 5 1
9 15 1
62 4 1
66 91 1
99 1 1
8 64 1
28 3 1
32 70 1
95 85 1
8 47 1
65 2 1
61 54 1
8 190 1
47 7 1
94 38 1
98 61 1
13 4 1
3 114 1
64 100 1
50 11 1
2 166 1
40 13 1
46 39 1
12 83 1
16 22 1
2 89 1
97 93 1
79 37 1
26 83 1
83 30 1
45 38 1
49 35 1
31 87 1
1 128 1
92 71 1
82 45 1
1 49 1
7 127 1
58 53 1
10 176 1
30 55 1
0 102 1
91 39 1
6 76 1
81 13 1
10 3 1
67 78 1
30 70 1
91 84 1
33 83 1
57 85 1
100 29 1
29 7 1
5 46 1
9 43 1
66 12 1
15 69 1
42 37 1
4 121 1
99 61 1
14 54 1
75 4 1
4 8 1
41 5 1
4 159 1
27 86 1
47 27 1
84 28 1
50 92 1
74 86 1
3 110 1
60 5 1
50 47 1
2 138 1
26 4 1
83 77 1
46 67 1
59 37 1
49 79 1
31 75 1
92 43 1
96 46 1
11 23 1
78 29 1
44 85 1
7 99 1
11 100 1
6 153 1
10 84 1
101 21 1
30 19 1
0 66 1
91 3 1
6 40 1
10 39 1
43 53 1
63 62 1
39 1 1
80 62 1
62 77 1
9 71 1
156 1 1
32 31 1
14 99 1
75 83 1
95 28 1
8 24 1
28 75 1
61 13 1
47 78 1
47 63 1
88 4 1
23 38 1
64 61 1
13 76 1
40 54 1
3 74 1
36 2 1
2 110 1
93 47 1
97 20 1
46 95 1
12 27 1
16 94 1
73 3 1
79 29 1
55 4 1
96 91 1
153 4 1
31 47 1
92 15 1
7 54 1
11 51 1
1 121 1
7 71 1
48 60 1
24 53 1
10 72 1
30 15 1
0 46 1
6 20 1
81 85 1
67 6 1
57 28 1
100 70 1
9 129 1
104 1 1
29 94 1
33 27 1
9 18 1
86 0 1
15 12 1
76 46 1
5 102 1
9 99 1
32 59 1
18 2 1
4 49 1
8 52 1
65 37 1
4 192 1
94 75 1
41 93 1
98 22 1
151 0 1
27 30 1
13 31 1
74 31 1
3 25 1
60 94 1
84 84 1
50 100 1
3 166 1
16 43 1
2 114 1
93 51 1
83 5 1
12 63 1
49 6 1
25 45 1
82 70 1
31 3 1
92 19 1
7 26 1
11 95 1
68 4 1
182 4 1
58 30 1
78 85 1
44 29 1
148 3 1
6 97 1
101 45 1
67 85 1
0 10 1
91 75 1
185 2 1
77 52 1
0 185 1
5 184 1
33 39 1
80 6 1
133 4 1
9 14 1
42 78 1
5 90 1
62 5 1
99 0 1
8 65 1
28 28 1
32 71 1
14 91 1
75 27 1
95 84 1
65 1 1
98 75 1
61 53 1
8 191 1
27 77 1
47 6 1
94 39 1
13 3 1
74 51 1
64 101 1
2 167 1
40 14 1
3 130 1
46 36 1
12 76 1
16 23 1
2 86 1
93 23 1
97 92 1
79 36 1
12 35 1
45 37 1
31 86 1
1 135 1
96 3 1
1 48 1
58 67 1
78 6 1
7 126 1
6 178 1
7 143 1
10 177 1
30 52 1
0 103 1
91 38 1
77 71 1
6 77 1
81 12 1
30 71 1
91 87 1
0 22 1
63 5 1
57 84 1
80 83 1
100 30 1
29 6 1
62 86 1
9 42 1
66 13 1
15 68 1
4 122 1
95 59 1
99 60 1
32 99 1
14 55 1
75 7 1
4 9 1
41 4 1
4 152 1
94 3 1
23 29 1
84 29 1
50 93 1
13 39 1
74 87 1
40 91 1
3 81 1
60 6 1
50 44 1
97 15 1
26 5 1
83 76 1
2 58 1
83 61 1
59 36 1
49 78 1
92 36 1
96 47 1
82 14 1
11 22 1
44 86 1
7 98 1
6 158 1
10 85 1
101 20 1
6 41 1
10 36 1
101 101 1
67 45 1
57 7 1
43 52 1
39 0 1
80 63 1
43 69 1
15 43 1
76 11 1
9 70 1
42 6 1
156 2 1
4 94 1
95 31 1
8 25 1
28 68 1
14 19 1
75 35 1
61 12 1
175 4 1
27 53 1
47 62 1
64 62 1
13 75 1
70 4 1
74 75 1
40 55 1
107 1 1
36 3 1
2 111 1
93 46 1
97 43 1
46 92 1
12 20 1
16 95 1
73 2 1
93 95 1
2 30 1
79 28 1
96 92 1
82 99 1
31 46 1
21 4 1
7 49 1
1 120 1
7 70 1
48 61 1
24 54 1
6 122 1
81 59 1
10 73 1
138 2 1
30 12 1
0 47 1
77 15 1
6 21 1
81 84 1
57 35 1
9 128 1
63 93 1
100 71 1
104 2 1
29 93 1
80 27 1
9 17 1
86 1 1
15 15 1
76 47 1
9 98 1
52 0 1
32 60 1
18 3 1
4 50 1
8 53 1
65 36 1
41 51 1
41 92 1
98 23 1
151 3 1
13 30 1
74 28 1
3 24 1
60 95 1
188 4 1
23 69 1
84 85 1
50 101 1
2 192 1
40 19 1
3 169 1
16 44 1
97 55 1
79 67 1
83 4 1
49 5 1
1 186 1
25 44 1
82 71 1
102 2 1
31 2 1
78 43 1
7 21 1
11 94 1
58 31 1
44 30 1
7 170 1
10 154 1
34 4 1
6 102 1
81 39 1
101 44 1
67 84 1
185 1 1
77 51 1
0 186 1
57 63 1
5 167 1
33 38 1
80 7 1
133 3 1
9 13 1
66 38 1
15 99 1
76 83 1
42 79 1
5 89 1
99 3 1
8 66 1
28 29 1
95 87 1
4 22 1
65 0 1
41 47 1
61 52 1
8 160 1
27 76 1
47 1 1
94 36 1
98 59 1
13 2 1
60 99 1
40 15 1
26 46 1
46 37 1
12 77 1
2 87 1
93 22 1
97 83 1
79 39 1
59 27 1
45 36 1
1 134 1
96 4 1
82 43 1
1 55 1
78 7 1
7 121 1
58 51 1
7 142 1
10 190 1
30 53 1
0 120 1
77 70 1
81 3 1
6 66 1
30 68 1
0 23 1
91 86 1
63 4 1
0 134 1
57 91 1
80 84 1
100 31 1
29 5 1
62 87 1
9 41 1
15 71 1
42 35 1
62 38 1
8 126 1
99 63 1
32 100 1
14 52 1
75 6 1
4 10 1
95 75 1
41 11 1
4 153 1
47 37 1
23 28 1
84 30 1
13 38 1
74 84 1
40 92 1
3 80 1
60 7 1
50 45 1
2 136 1
97 14 1
83 79 1
79 59 1
83 60 1
59 39 1
49 77 1
31 53 1
92 37 1
82 15 1
58 100 1
78 99 1
44 87 1
7 93 1
6 159 1
10 82 1
101 19 1
91 5 1
6 46 1
10 37 1
101 100 1
67 44 1
57 6 1
43 55 1
39 3 1
43 68 1
100 51 1
76 4 1
9 69 1
190 4 1
15 91 1
42 7 1
156 3 1
75 85 1
4 95 1
95 30 1
8 26 1
99 91 1
65 95 1
28 69 1
61 11 1
27 52 1
141 4 1
3 63 1
64 63 1
60 43 1
107 0 1
93 45 1
46 93 1
12 21 1
73 1 1
2 31 1
93 94 1
79 31 1
96 93 1
59 67 1
25 87 1
21 3 1
7 48 1
11 53 1
1 127 1
44 59 1
7 65 1
172 0 1
48 62 1
24 55 1
101 55 1
138 3 1
10 118 1
30 13 1
0 32 1
77 14 1
6 10 1
81 75 1
43 19 1
9 135 1
63 92 1
104 3 1
29 92 1
80 28 1
9 16 1
15 14 1
9 97 1
52 1 1
32 61 1
18 0 1
8 54 1
65 59 1
61 47 1
27 99 1
41 67 1
98 20 1
151 2 1
13 29 1
74 29 1
23 68 1
64 27 1
84 86 1
40 20 1
3 168 1
154 4 1
46 14 1
16 45 1
2 112 1
97 54 1
83 7 1
120 0 1
45 63 1
49 4 1
1 185 1
25 51 1
82 68 1
102 3 1
31 13 1
1 42 1
7 20 1
48 75 1
58 28 1
78 91 1
44 31 1
24 19 1
6 103 1
81 38 1
10 106 1
101 43 1
67 87 1
91 77 1
185 0 1
57 62 1
167 1 1
5 166 1
100 100 1
33 37 1
5 55 1
133 2 1
9 12 1
66 39 1
76 76 1
42 76 1
5 88 1
62 11 1
66 86 1
99 2 1
8 67 1
28 30 1
75 29 1
4 23 1
95 86 1
65 7 1
41 46 1
4 166 1
61 51 1
8 161 1
27 79 1
47 0 1
94 37 1
13 1 1
3 119 1
50 6 1
26 47 1
12 78 1
93 21 1
79 38 1
26 94 1
83 35 1
183 4 1
45 35 1
96 5 1
25 15 1
1 54 1
78 4 1
7 120 1
115 1 1
6 176 1
44 3 1
7 137 1
10 191 1
0 121 1
77 69 1
81 2 1
6 67 1
10 14 1
101 79 1
67 51 1
30 69 1
63 7 1
0 135 1
80 85 1
5 154 1
43 91 1
29 4 1
62 84 1
9 40 1
66 11 1
15 70 1
62 39 1
95 37 1
8 127 1
99 62 1
32 101 1
14 53 1
4 154 1
61 87 1
27 43 1
47 36 1
23 31 1
84 31 1
50 91 1
13 37 1
74 85 1
40 93 1
64 67 1
2 137 1
97 13 1
26 3 1
83 78 1
46 70 1
2 56 1
83 63 1
59 38 1
45 7 1
49 76 1
31 52 1
92 38 1
82 12 1
1 18 1
58 101 1
7 92 1
10 192 1
48 19 1
10 83 1
30 22 1
91 4 1
24 75 1
6 47 1
10 34 1
101 99 1
67 47 1
57 5 1
43 54 1
63 59 1
39 2 1
43 71 1
100 60 1
15 53 1
76 5 1
5 15 1
9 68 1
42 4 1
75 84 1
4 88 1
8 27 1
65 94 1
28 70 1
75 37 1
47 75 1
27 55 1
141 3 1
3 62 1
23 35 1
84 51 1
3 79 1
60 36 1
107 3 1
93 44 1
12 22 1
73 0 1
93 93 1
79 30 1
49 31 1
55 1 1
96 94 1
25 86 1
21 2 1
7 51 1
11 52 1
1 126 1
44 52 1
7 64 1
172 1 1
48 63 1
6 120 1
10 119 1
138 0 1
101 54 1
0 33 1
77 13 1
6 11 1
67 11 1
9 134 1
63 95 1
104 4 1
29 91 1
80 29 1
9 23 1
9 96 1
52 2 1
28 59 1
32 62 1
89 3 1
18 1 1
8 55 1
71 4 1
169 4 1
61 46 1
8 134 1
94 78 1
98 21 1
27 19 1
13 28 1
3 26 1
23 71 1
64 28 1
84 87 1
50 99 1
40 21 1
46 15 1
16 46 1
2 113 1
97 53 1
79 77 1
83 6 1
120 1 1
45 62 1
49 59 1
1 184 1
82 69 1
45 79 1
102 0 1
31 12 1
1 41 1
7 23 1
48 76 1
1 90 1
58 29 1
10 152 1
34 2 1
24 20 1
81 37 1
6 100 1
67 86 1
91 76 1
33 75 1
57 61 1
167 0 1
9 162 1
100 101 1
29 63 1
33 36 1
5 54 1
133 1 1
9 51 1
66 36 1
76 77 1
42 77 1
5 71 1
66 87 1
8 68 1
99 5 1
28 31 1
14 94 1
75 28 1
4 16 1
65 6 1
41 45 1
4 167 1
98 70 1
8 162 1
27 78 1
47 3 1
84 4 1
13 0 1
74 62 1
3 118 1
50 7 1
2 162 1
3 135 1
26 44 1
46 43 1
12 79 1
93 20 1
26 95 1
59 29 1
49 39 1
31 83 1
92 67 1
96 6 1
149 4 1
25 14 1
58 78 1
78 5 1
115 0 1
6 177 1
7 136 1
30 59 1
0 122 1
91 59 1
77 68 1
6 64 1
81 1 1
10 15 1
101 78 1
63 6 1
33 87 1
0 152 1
5 153 1
80 86 1
29 3 1
5 42 1
62 85 1
9 47 1
62 36 1
95 36 1
8 96 1
28 99 1
61 86 1
47 39 1
94 6 1
23 30 1
13 36 1
40 94 1
3 82 1
64 68 1
50 43 1
2 134 1
97 12 1
46 71 1
2 57 1
79 5 1
83 62 1
45 6 1
49 67 1
31 55 1
92 39 1
82 13 1
11 11 1
1 17 1
7 95 1
48 20 1
10 80 1
30 23 1
0 70 1
91 7 1
24 76 1
6 44 1
10 35 1
67 46 1
57 4 1
43 70 1
100 61 1
15 52 1
76 6 1
5 14 1
9 75 1
42 5 1
32 19 1
75 87 1
4 89 1
99 93 1
8 28 1
65 93 1
28 71 1
14 22 1
75 36 1
175 1 1
94 83 1
41 101 1
98 14 1
27 54 1
47 59 1
141 2 1
3 33 1
84 60 1
3 78 1
60 37 1
107 2 1
2 106 1
93 43 1
26 100 1
46 99 1
12 23 1
93 92 1
49 30 1
55 0 1
96 95 1
59 69 1
25 85 1
82 94 1
31 43 1
92 11 1
21 1 1
7 50 1
11 55 1
58 6 1
44 53 1
172 2 1
7 67 1
6 121 1
101 53 1
138 1 1
0 34 1
91 99 1
77 12 1
6 8 1
191 4 1
43 21 1
63 94 1
33 31 1
80 30 1
9 22 1
86 4 1
42 86 1
5 98 1
9 103 1
123 1 1
52 3 1
28 52 1
32 63 1
89 2 1
14 67 1
8 56 1
61 45 1
8 135 1
27 101 1
37 4 1
94 79 1
13 27 1
74 27 1
23 70 1
64 29 1
40 22 1
3 170 1
154 2 1
46 12 1
16 47 1
2 78 1
93 15 1
97 52 1
79 76 1
12 59 1
120 2 1
45 61 1
1 191 1
45 78 1
102 1 1
31 15 1
1 40 1
78 46 1
7 22 1
48 77 1
11 83 1
68 0 1
1 89 1
7 167 1
10 153 1
34 3 1
77 95 1
24 21 1
81 36 1
6 101 1
10 104 1
91 79 1
0 14 1
57 60 1
167 3 1
9 161 1
29 62 1
33 59 1
133 0 1
9 50 1
66 37 1
76 78 1
5 70 1
66 84 1
99 4 1
8 69 1
32 91 1
14 95 1
75 31 1
4 17 1
65 5 1
41 44 1
4 160 1
98 71 1
118 2 1
47 2 1
94 43 1
98 54 1
84 5 1
13 63 1
74 63 1
40 99 1
3 121 1
50 4 1
3 134 1
26 45 1
16 11 1
2 82 1
93 19 1
26 92 1
83 37 1
59 28 1
49 38 1
92 92 1
96 7 1
149 3 1
25 13 1
82 38 1
58 79 1
7 122 1
58 62 1
115 3 1
6 182 1
77 67 1
6 65 1
81 0 1
10 12 1
101 77 1
67 53 1
30 75 1
63 1 1
33 86 1
0 153 1
5 152 1
43 93 1
80 87 1
29 2 1
5 41 1
9 46 1
42 46 1
62 37 1
4 102 1
95 39 1
8 97 1
14 59 1
75 59 1
61 85 1
27 45 1
47 38 1
94 7 1
13 35 1
74 83 1
40 95 1
64 69 1
2 135 1
97 3 1
46 68 1
2 54 1
79 4 1
45 5 1
31 54 1
96 35 1
1 16 1
58 99 1
7 94 1
48 21 1
6 146 1
10 81 1
30 20 1
0 71 1
91 6 1
24 77 1
6 45 1
10 32 1
57 11 1
63 37 1
80 51 1
100 62 1
15 55 1
76 7 1
9 74 1
32 20 1
14 100 1
75 86 1
4 90 1
95 27 1
8 29 1
99 92 1
65 92 1
14 23 1
75 39 1
47 85 1
175 0 1
41 100 1
98 15 1
141 1 1
3 32 1
23 61 1
84 61 1
13 71 1
40 59 1
3 177 1
60 38 1
97 47 1
26 101 1
16 83 1
2 26 1
93 91 1
49 29 1
55 3 1
59 68 1
25 84 1
82 95 1
92 4 1
21 0 1
7 45 1
11 54 1
58 7 1
44 54 1
172 3 1
7 66 1
6 126 1
81 63 1
101 52 1
77 11 1
6 9 1
67 13 1
57 39 1
43 20 1
100 67 1
157 4 1
33 30 1
80 31 1
9 21 1
15 11 1
76 43 1
42 87 1
5 97 1
9 102 1
123 0 1
28 53 1
89 1 1
4 62 1
8 57 1
41 55 1
61 44 1
8 136 1
27 100 1
37 3 1
94 76 1
98 19 1
27 21 1
60 91 1
188 0 1
64 30 1
40 23 1
154 3 1
46 13 1
2 79 1
93 14 1
97 75 1
79 79 1
12 52 1
120 3 1
45 60 1
1 190 1
82 67 1
45 77 1
31 14 1
1 47 1
78 47 1
7 17 1
48 78 1
68 1 1
1 88 1
58 27 1
78 94 1
7 166 1
10 134 1
34 0 1
77 94 1
24 22 1
6 90 1
81 27 1
10 105 1
91 78 1
0 15 1
77 47 1
0 190 1
57 67 1
167 2 1
9 160 1
29 61 1
9 49 1
76 79 1
42 75 1
170 4 1
62 14 1
66 85 1
8 70 1
99 7 1
32 92 1
14 92 1
75 30 1
95 83 1
4 18 1
65 4 1
41 19 1
4 161 1
98 68 1
118 3 1
47 13 1
98 55 1
84 6 1
13 62 1
74 60 1
40 100 1
3 120 1
23 101 1
50 5 1
2 160 1
3 137 1
16 12 1
97 87 1
79 35 1
26 93 1
83 36 1
183 1 1
59 31 1
25 99 1
49 37 1
31 93 1
1 154 1
92 93 1
149 2 1
25 12 1
82 39 1
58 76 1
78 11 1
58 63 1
115 2 1
6 183 1
7 138 1
10 186 1
91 61 1
6 70 1
81 7 1
10 13 1
101 76 1
67 52 1
63 0 1
33 85 1
0 154 1
57 95 1
5 135 1
43 92 1
100 27 1
29 1 1
76 28 1
5 40 1
62 91 1
9 45 1
66 6 1
15 67 1
42 47 1
4 103 1
95 38 1
99 35 1
8 98 1
41 15 1
61 84 1
27 44 1
94 4 1
50 86 1
60 3 1
64 70 1
97 2 1
26 14 1
83 83 1
46 69 1
2 55 1
79 7 1
59 59 1
45 4 1
96 36 1
82 11 1
11 13 1
1 23 1
44 83 1
7 89 1
48 22 1
10 94 1
101 31 1
30 21 1
0 88 1
24 78 1
6 34 1
81 99 1
10 33 1
43 43 1
63 36 1
80 52 1
100 63 1
15 54 1
9 73 1
42 3 1
32 21 1
14 101 1
99 95 1
8 30 1
65 83 1
14 20 1
75 38 1
61 7 1
47 84 1
175 3 1
98 12 1
141 0 1
23 60 1
64 51 1
84 62 1
13 70 1
40 60 1
3 176 1
60 39 1
107 4 1
2 104 1
97 46 1
16 84 1
79 27 1
49 28 1
55 2 1
59 71 1
25 91 1
82 92 1
31 21 1
92 5 1
7 44 1
58 4 1
78 67 1
44 55 1
24 59 1
6 127 1
81 62 1
10 114 1
101 51 1
91 101 1
6 14 1
81 79 1
67 12 1
57 38 1
43 23 1
100 76 1
157 3 1
33 29 1
9 20 1
76 36 1
42 84 1
5 96 1
62 19 1
9 101 1
66 78 1
123 3 1
28 54 1
89 0 1
4 63 1
8 58 1
65 63 1
71 1 1
41 54 1
61 43 1
8 137 1
37 2 1
94 77 1
41 71 1
27 20 1
3 31 1
60 84 1
188 1 1
64 31 1
50 30 1
154 0 1
93 13 1
79 78 1
26 70 1
83 11 1
12 53 1
120 4 1
45 59 1
59 99 1
25 55 1
45 76 1
1 46 1
78 44 1
7 16 1
48 79 1
11 85 1
68 2 1
1 95 1
78 95 1
44 27 1
7 161 1
10 135 1
105 3 1
34 1 1
77 93 1
24 23 1
6 91 1
10 22 1
101 87 1
67 91 1
87 4 1
185 4 1
77 46 1
0 191 1
5 162 1
9 167 1
29 60 1
9 48 1
66 35 1
62 15 1
8 71 1
99 6 1
32 93 1
14 93 1
65 27 1
4 162 1
98 69 1
61 79 1
118 0 1
27 67 1
47 12 1
98 52 1
84 7 1
13 61 1
74 61 1
40 101 1
23 100 1
50 2 1
2 161 1
3 136 1
26 43 1
46 46 1
16 13 1
2 80 1
97 86 1
83 39 1
183 0 1
59 30 1
45 31 1
49 36 1
31 92 1
1 153 1
92 94 1
149 1 1
25 19 1
82 36 1
1 10 1
58 77 1
58 60 1
30 62 1
91 60 1
6 71 1
81 6 1
10 10 1
101 75 1
67 55 1
63 3 1
33 84 1
57 94 1
5 134 1
43 95 1
100 4 1
29 0 1
76 29 1
5 23 1
9 44 1
66 7 1
42 44 1
62 43 1
4 96 1
8 99 1
75 61 1
165 4 1
41 14 1
4 134 1
61 83 1
27 47 1
94 5 1
23 27 1
84 27 1
50 87 1
3 87 1
60 28 1
64 71 1
50 38 1
97 1 1
26 15 1
79 6 1
45 3 1
96 37 1
11 12 1
1 22 1
78 100 1
44 76 1
7 88 1
48 23 1
6 144 1
10 95 1
101 30 1
0 89 1
77 101 1
24 79 1
6 35 1
10 46 1
67 19 1
63 39 1
80 53 1
9 72 1
32 22 1
95 5 1
99 94 1
8 31 1
14 21 1
61 6 1
47 87 1
175 2 1
94 86 1
98 13 1
27 11 1
3 34 1
23 63 1
64 52 1
84 63 1
13 69 1
40 61 1
2 105 1
3 192 1
97 45 1
26 99 1
16 85 1
73 4 1
2 24 1
49 19 1
59 70 1
82 93 1
31 20 1
92 6 1
7 47 1
1 114 1
58 5 1
48 51 1
24 60 1
81 61 1
91 100 1
6 15 1
81 78 1
191 1 1
67 15 1
57 37 1
43 22 1
9 138 1
63 91 1
100 77 1
29 87 1
157 2 1
33 28 1
9 27 1
15 21 1
76 37 1
42 85 1
5 111 1
9 100 1
66 79 1
123 2 1
28 55 1
14 70 1
4 56 1
8 59 1
65 62 1
71 0 1
41 53 1
8 138 1
37 1 1
41 70 1
27 23 1
74 6 1
3 30 1
60 85 1
188 2 1
23 67 1
84 83 1
50 31 1
3 175 1
154 1 1
46 19 1
93 12 1
26 71 1
12 54 1
49 63 1
25 54 1
45 75 1
102 4 1
78 45 1
7 19 1
11 84 1
68 3 1
1 94 1
78 92 1
44 20 1
7 160 1
105 2 1
77 92 1
6 88 1
101 86 1
10 23 1
77 45 1
33 79 1
53 4 1
0 176 1
5 161 1
9 166 1
29 59 1
5 50 1
9 55 1
170 2 1
62 12 1
66 83 1
8 72 1
28 27 1
32 94 1
95 93 1
61 78 1
8 166 1
118 1 1
47 15 1
94 46 1
98 53 1
84 0 1
13 60 1
3 122 1
50 3 1
2 190 1
46 47 1
12 75 1
16 14 1
2 81 1
97 85 1
79 45 1
26 91 1
83 38 1
183 3 1
45 30 1
49 91 1
31 95 1
1 152 1
92 95 1
149 0 1
82 37 1
1 9 1
7 119 1
58 61 1
115 4 1
10 184 1
30 63 1
91 63 1
0 126 1
81 5 1
6 68 1
10 11 1
67 54 1
30 78 1
63 2 1
57 93 1
43 94 1
100 5 1
29 31 1
76 30 1
5 22 1
9 83 1
66 4 1
15 77 1
42 45 1
32 11 1
4 97 1
99 37 1
8 100 1
14 62 1
75 60 1
165 3 1
41 13 1
4 135 1
27 46 1
47 35 1
84 36 1
50 84 1
74 94 1
3 86 1
60 29 1
50 39 1
2 130 1
97 0 1
26 12 1
83 85 1
46 75 1
59 61 1
49 71 1
31 51 1
92 35 1
96 38 1
11 15 1
78 101 1
44 77 1
7 91 1
6 145 1
10 92 1
101 29 1
30 27 1
0 90 1
91 27 1
77 100 1
6 32 1
10 47 1
43 45 1
63 38 1
80 54 1
5 10 1
9 79 1
28 44 1
32 23 1
75 75 1
95 4 1
28 67 1
61 5 1
47 86 1
94 87 1
23 62 1
64 53 1
13 68 1
40 62 1
3 178 1
2 102 1
93 39 1
97 44 1
12 19 1
16 86 1
2 25 1
96 83 1
49 99 1
31 23 1
92 7 1
1 192 1
7 46 1
11 43 1
1 113 1
7 191 1
48 52 1
24 61 1
81 60 1
10 112 1
0 38 1
81 77 1
6 12 1
191 0 1
67 14 1
57 36 1
9 137 1
100 78 1
29 86 1
157 1 1
33 19 1
9 26 1
15 20 1
76 38 1
5 110 1
66 76 1
32 51 1
14 71 1
4 57 1
8 60 1
65 61 1
71 3 1
41 52 1
37 0 1
94 51 1
41 69 1
98 46 1
27 22 1
13 23 1
74 7 1
60 86 1
188 3 1
84 92 1
50 28 1
3 174 1
16 35 1
2 74 1
93 11 1
26 68 1
83 13 1
12 55 1
173 4 1
49 62 1
59 101 1
25 53 1
82 62 1
31 11 1
7 18 1
11 87 1
58 38 1
78 93 1
44 21 1
105 1 1
77 91 1
6 89 1
10 20 1
101 85 1
67 93 1
30 83 1
91 67 1
77 44 1
33 78 1
53 3 1
0 177 1
5 160 1
33 63 1
5 49 1
9 54 1
42 54 1
170 3 1
5 66 1
62 13 1
8 73 1
28 20 1
32 95 1
14 35 1
75 19 1
95 92 1
98 67 1
61 77 1
8 167 1
27 69 1
47 14 1
94 47 1
84 1 1
13 59 1
74 59 1
50 0 1
2 191 1
3 138 1
46 44 1
12 68 1
16 15 1
2 46 1
97 84 1
79 44 1
183 2 1
45 29 1
31 94 1
1 159 1
96 27 1
1 8 1
58 75 1
186 4 1
78 14 1
7 118 1
6 170 1
7 135 1
10 185 1
30 60 1
0 127 1
91 62 1
81 4 1
6 69 1
10 8 1
30 79 1
63 13 1
57 92 1
80 75 1
100 6 1
29 30 1
76 31 1
62 94 1
9 82 1
66 5 1
15 76 1
32 12 1
95 35 1
4 98 1
99 36 1
8 101 1
14 63 1
75 63 1
165 2 1
41 12 1
4 128 1
94 11 1
23 21 1
84 37 1
50 85 1
13 95 1
74 95 1
40 67 1
3 89 1
60 30 1
50 36 1
97 7 1
26 13 1
83 84 1
2 50 1
59 60 1
49 70 1
92 60 1
96 39 1
82 6 1
11 14 1
44 78 1
7 90 1
6 150 1
10 93 1
101 28 1
77 99 1
6 33 1
10 44 1
67 21 1
57 15 1
43 44 1
80 55 1
15 51 1
76 3 1
5 9 1
9 78 1
42 14 1
28 45 1
4 70 1
95 7 1
28 92 1
14 27 1
61 4 1
8 144 1
94 84 1
98 11 1
27 13 1
64 54 1
13 67 1
40 63 1
2 103 1
93 38 1
97 35 1
46 100 1
12 12 1
16 87 1
93 87 1
2 22 1
96 84 1
82 91 1
45 101 1
31 22 1
7 41 1
1 112 1
58 3 1
78 70 1
7 190 1
48 53 1
24 62 1
6 114 1
81 51 1
10 113 1
0 39 1
77 7 1
81 76 1
6 13 1
191 3 1
57 43 1
100 79 1
9 136 1
63 69 1
29 85 1
157 0 1
80 19 1
9 25 1
15 23 1
76 39 1
42 83 1
62 22 1
9 106 1
66 77 1
123 4 1
32 52 1
14 68 1
4 58 1
8 61 1
65 60 1
71 2 1
41 59 1
41 68 1
98 47 1
13 22 1
74 4 1
60 87 1
23 93 1
84 93 1
50 29 1
40 27 1
3 145 1
16 36 1
97 79 1
79 75 1
26 69 1
83 12 1
173 3 1
49 61 1
31 101 1
1 178 1
59 100 1
25 52 1
82 63 1
78 51 1
7 13 1
11 86 1
58 39 1
44 22 1
7 162 1
10 130 1
105 0 1
6 94 1
81 31 1
10 21 1
101 84 1
67 92 1
87 1 1
77 43 1
33 77 1
53 2 1
0 178 1
57 71 1
5 175 1
100 99 1
33 62 1
5 48 1
9 53 1
66 62 1
76 75 1
42 55 1
5 65 1
170 0 1
8 74 1
99 11 1
28 21 1
95 95 1
4 30 1
41 23 1
61 76 1
8 168 1
27 68 1
94 44 1
98 51 1
84 2 1
121 3 1
50 1 1
26 54 1
46 45 1
12 69 1
103 4 1
16 0 1
2 47 1
79 47 1
59 19 1
45 28 1
1 158 1
96 28 1
82 35 1
1 15 1
78 15 1
7 113 1
58 59 1
7 134 1
10 166 1
30 61 1
0 112 1
6 58 1
10 9 1
30 76 1
63 12 1
0 158 1
57 99 1
80 76 1
9 192 1
100 7 1
29 29 1
62 95 1
9 81 1
66 2 1
15 79 1
42 43 1
62 46 1
32 13 1
8 102 1
99 39 1
65 75 1
14 60 1
75 62 1
165 1 1
4 129 1
98 100 1
47 45 1
23 20 1
64 43 1
84 38 1
13 94 1
74 92 1
40 68 1
3 88 1
60 31 1
50 37 1
2 128 1
97 6 1
83 87 1
79 3 1
59 63 1
116 4 1
25 67 1
49 69 1
31 61 1
92 61 1
82 7 1
44 79 1
7 85 1
24 35 1
6 151 1
10 90 1
101 27 1
91 29 1
6 38 1
10 45 1
67 20 1
57 14 1
43 47 1
100 84 1
100 59 1
76 60 1
5 8 1
9 77 1
42 15 1
28 46 1
75 77 1
4 71 1
95 6 1
99 67 1
65 87 1
28 93 1
61 3 1
8 145 1
94 85 1
27 12 1
3 39 1
60 76 1
64 55 1
60 35 1
93 37 1
46 101 1
12 13 1
2 23 1
93 86 1
96 85 1
59 91 1
25 95 1
45 100 1
1 198 1
7 40 1
11 45 1
1 119 1
78 71 1
44 51 1
7 185 1
48 54 1
24 63 1
101 63 1
10 126 1
67 99 1
0 56 1
77 6 1
81 67 1
191 2 1
43 11 1
9 143 1
63 68 1
29 84 1
80 20 1
9 24 1
15 22 1
62 23 1
9 105 1
32 53 1
14 69 1
89 4 1
8 62 1
65 51 1
61 39 1
41 75 1
98 44 1
13 21 1
74 5 1
23 92 1
64 19 1
84 94 1
40 28 1
3 144 1
46 22 1
16 37 1
2 72 1
97 78 1
83 15 1
45 55 1
173 2 1
49 60 1
31 100 1
1 177 1
25 59 1
82 60 1
1 34 1
7 12 1
48 67 1
58 36 1
44 23 1
24 27 1
6 95 1
81 30 1
10 18 1
101 83 1
67 95 1
87 0 1
91 69 1
33 76 1
53 1 1
57 70 1
5 174 1
33 61 1
5 63 1
9 52 1
66 63 1
76 68 1
42 52 1
5 64 1
170 1 1
62 51 1
8 75 1
136 0 1
28 22 1
75 21 1
4 31 1
95 94 1
65 31 1
41 22 1
4 174 1
61 75 1
8 169 1
118 4 1
27 71 1
94 45 1
84 3 1
3 127 1
121 2 1
50 62 1
26 55 1
12 70 1
16 1 1
79 46 1
83 43 1
69 4 1
45 27 1
96 29 1
25 23 1
1 14 1
186 2 1
78 12 1
44 100 1
7 112 1
6 168 1
7 129 1
10 167 1
0 113 1
6 59 1
10 54 1
67 59 1
30 77 1
63 15 1
0 159 1
5 130 1
43 83 1
80 77 1
100 0 1
29 28 1
62 92 1
9 80 1
66 3 1
15 78 1
62 47 1
32 14 1
95 45 1
8 103 1
99 38 1
14 61 1
165 0 1
4 130 1
98 101 1
27 35 1
47 44 1
131 1 1
23 23 1
64 44 1
84 39 1
50 83 1
13 93 1
74 93 1
40 69 1
64 91 1
2 129 1
97 5 1
26 11 1
83 86 1
46 78 1
2 48 1
59 62 1
49 68 1
31 60 1
92 62 1
82 4 1
1 106 1
7 84 1
48 11 1
24 36 1
10 91 1
30 30 1
91 28 1
24 83 1
6 39 1
10 42 1
67 23 1
57 13 1
43 46 1
9 146 1
63 35 1
100 85 1
29 79 1
100 36 1
15 61 1
76 61 1
5 119 1
9 76 1
42 12 1
28 47 1
75 76 1
4 64 1
8 3 1
65 86 1
28 94 1
8 146 1
47 83 1
27 15 1
3 38 1
60 77 1
23 59 1
84 59 1
3 183 1
60 60 1
93 36 1
12 14 1
93 85 1
49 23 1
96 86 1
25 94 1
45 99 1
7 43 1
11 44 1
1 118 1
78 68 1
44 44 1
7 184 1
48 55 1
6 112 1
10 127 1
101 62 1
0 57 1
77 5 1
6 3 1
0 168 1
9 142 1
63 71 1
29 83 1
80 21 1
9 31 1
62 20 1
9 104 1
66 75 1
8 80 1
28 51 1
32 54 1
95 101 1
8 63 1
61 38 1
8 142 1
94 54 1
98 45 1
13 20 1
23 95 1
64 20 1
84 95 1
50 27 1
13 101 1
40 29 1
46 23 1
16 38 1
2 73 1
97 77 1
79 85 1
26 67 1
83 14 1
45 54 1
173 1 1
49 51 1
1 176 1
82 61 1
45 71 1
1 33 1
7 15 1
48 68 1
1 82 1
58 37 1
10 128 1
24 28 1
81 29 1
6 92 1
10 19 1
67 94 1
30 86 1
87 3 1
91 68 1
124 4 1
33 67 1
53 0 1
57 69 1
9 170 1
29 55 1
33 60 1
19 1 1
5 62 1
9 59 1
66 60 1
76 69 1
42 53 1
5 79 1
8 76 1
136 1 1
99 13 1
28 23 1
14 38 1
75 20 1
4 24 1
189 4 1
65 30 1
41 21 1
4 175 1
98 94 1
8 170 1
27 70 1
47 11 1
84 12 1
74 38 1
3 126 1
23 99 1
121 1 1
50 63 1
2 186 1
3 143 1
26 52 1
46 51 1
12 71 1
16 2 1
69 3 1
59 21 1
25 101 1
49 95 1
31 91 1
92 91 1
96 30 1
25 22 1
58 86 1
186 3 1
78 13 1
44 101 1
6 169 1
7 128 1
30 35 1
0 114 1
91 51 1
6 56 1
10 55 1
63 14 1
0 144 1
5 129 1
80 78 1
100 1 1
9 198 1
29 27 1
5 18 1
62 93 1
9 87 1
66 0 1
62 44 1
32 15 1
95 44 1
8 104 1
14 2 1
47 47 1
94 14 1
131 0 1
23 22 1
64 45 1
13 92 1
40 70 1
3 90 1
64 92 1
50 35 1
2 158 1
97 4 1
46 79 1
2 49 1
79 13 1
96 75 1
31 63 1
92 63 1
82 5 1
11 3 1
1 105 1
7 87 1
48 12 1
24 37 1
10 88 1
30 31 1
0 94 1
91 31 1
24 84 1
81 101 1
6 36 1
10 43 1
67 22 1
57 12 1
9 145 1
100 86 1
29 78 1
33 11 1
100 37 1
15 60 1
76 62 1
5 118 1
66 100 1
42 13 1
32 43 1
75 79 1
4 65 1
99 69 1
8 4 1
65 85 1
28 95 1
14 30 1
94 91 1
98 6 1
27 14 1
3 41 1
60 78 1
84 68 1
3 182 1
60 61 1
16 59 1
2 98 1
93 35 1
12 15 1
93 84 1
49 22 1
96 87 1
59 93 1
25 93 1
82 86 1
31 19 1
92 3 1
7 42 1
11 47 1
58 14 1
78 69 1
44 45 1
6 113 1
101 61 1
67 101 1
0 58 1
77 4 1
0 169 1
43 13 1
63 70 1
33 23 1
80 22 1
9 30 1
42 94 1
5 106 1
62 21 1
9 111 1
8 81 1
28 12 1
32 55 1
14 75 1
95 100 1
8 32 1
61 37 1
8 143 1
94 55 1
13 19 1
74 3 1
23 94 1
64 21 1
13 100 1
40 30 1
3 146 1
46 20 1
12 92 1
16 39 1
2 70 1
93 7 1
97 76 1
79 84 1
12 51 1
45 53 1
173 0 1
1 183 1
45 70 1
139 1 1
1 32 1
78 54 1
7 14 1
48 69 1
11 75 1
1 81 1
7 159 1
10 129 1
77 87 1
24 29 1
81 28 1
6 93 1
10 16 1
30 87 1
87 2 1
91 71 1
0 6 1
63 21 1
57 68 1
80 99 1
9 169 1
29 54 1
33 51 1
90 4 1
19 0 1
9 58 1
66 61 1
76 70 1
5 78 1
8 77 1
136 2 1
99 12 1
32 83 1
14 39 1
75 23 1
4 25 1
189 3 1
65 29 1
41 20 1
4 168 1
98 95 1
94 19 1
23 13 1
84 13 1
13 55 1
74 39 1
3 97 1
121 0 1
50 60 1
3 142 1
26 53 1
103 1 1
16 3 1
2 42 1
83 45 1
69 2 1
59 20 1
25 100 1
49 94 1
92 84 1
96 31 1
25 21 1
82 30 1
58 87 1
186 0 1
7 114 1
6 174 1
6 57 1
134 2 1
10 52 1
67 61 1
0 145 1
5 128 1
43 85 1
80 79 1
100 2 1
76 27 1
5 17 1
9 86 1
66 1 1
42 22 1
62 45 1
119 4 1
32 0 1
4 110 1
95 47 1
8 105 1
14 3 1
75 51 1
98 99 1
27 37 1
47 46 1
94 15 1
131 3 1
64 46 1
13 91 1
74 91 1
40 71 1
64 93 1
2 159 1
97 27 1
46 76 1
12 100 1
93 79 1
2 14 1
79 12 1
96 76 1
31 62 1
96 59 1
82 2 1
1 104 1
7 86 1
48 13 1
24 38 1
6 138 1
10 89 1
30 28 1
0 95 1
91 30 1
77 31 1
24 85 1
81 100 1
6 37 1
10 40 1
57 19 1
9 144 1
63 45 1
100 87 1
29 77 1
80 43 1
100 38 1
15 63 1
76 63 1
9 114 1
66 101 1
32 44 1
75 78 1
4 66 1
95 3 1
99 68 1
8 5 1
65 84 1
14 31 1
47 93 1
98 7 1
3 40 1
60 79 1
23 53 1
84 69 1
40 35 1
3 185 1
60 62 1
16 60 1
3 198 1
97 39 1
16 75 1
93 83 1
2 18 1
49 21 1
1 170 1
59 92 1
25 92 1
82 87 1
92 28 1
7 37 1
11 46 1
58 15 1
44 46 1
7 186 1
6 118 1
81 55 1
101 60 1
67 100 1
77 3 1
0 170 1
57 47 1
5 183 1
43 12 1
100 75 1
33 22 1
80 23 1
9 29 1
15 19 1
76 35 1
42 95 1
5 105 1
9 110 1
8 82 1
99 19 1
28 13 1
4 38 1
8 33 1
41 63 1
61 36 1
8 176 1
94 52 1
98 43 1
60 83 1
64 22 1
13 99 1
40 31 1
46 21 1
12 93 1
2 71 1
93 6 1
97 67 1
22 2 1
79 87 1
12 44 1
59 11 1
45 52 1
1 182 1
82 59 1
45 69 1
139 0 1
1 39 1
78 55 1
7 9 1
48 70 1
1 80 1
58 35 1
7 158 1
10 142 1
105 4 1
0 104 1
77 86 1
24 30 1
6 82 1
81 19 1
10 17 1
30 84 1
0 7 1
91 70 1
77 39 1
63 20 1
0 182 1
57 75 1
80 100 1
9 168 1
63 101 1
29 53 1
19 3 1
9 57 1
76 71 1
42 51 1
62 54 1
8 78 1
136 3 1
65 99 1
99 15 1
32 84 1
14 36 1
75 22 1
4 26 1
95 91 1
189 2 1
65 28 1
41 27 1
4 169 1
98 92 1
47 21 1
23 12 1
84 14 1
13 54 1
74 36 1
3 96 1
50 61 1
2 184 1
103 0 1
16 4 1
79 43 1
83 44 1
69 1 1
59 23 1
49 93 1
31 69 1
92 85 1
1 146 1
25 20 1
82 31 1
58 84 1
186 1 1
78 19 1
152 0 1
6 175 1
7 130 1
10 162 1
91 53 1
6 62 1
134 3 1
10 53 1
67 60 1
0 146 1
5 143 1
43 84 1
100 3 1
76 20 1
5 16 1
62 67 1
9 85 1
66 30 1
15 75 1
42 23 1
32 1 1
4 111 1
95 46 1
8 106 1
99 43 1
65 79 1
85 4 1
14 0 1
27 36 1
94 12 1
131 2 1
64 47 1
50 78 1
60 27 1
64 94 1
26 22 1
83 91 1
46 77 1
12 101 1
93 78 1
2 15 1
79 15 1
96 77 1
59 51 1
116 0 1
25 71 1
96 60 1
82 3 1
11 5 1
1 111 1
44 75 1
7 81 1
48 14 1
24 39 1
10 70 1
101 7 1
30 29 1
0 80 1
77 30 1
24 86 1
6 26 1
81 91 1
10 41 1
43 35 1
9 151 1
63 44 1
29 76 1
80 44 1
100 39 1
15 62 1
9 113 1
42 11 1
32 45 1
8 6 1
99 71 1
65 43 1
14 28 1
61 31 1
47 92 1
41 83 1
98 4 1
23 52 1
64 11 1
84 70 1
40 36 1
3 184 1
60 63 1
16 61 1
2 96 1
97 38 1
16 76 1
49 20 1
1 169 1
59 95 1
25 35 1
82 84 1
49 101 1
31 29 1
92 29 1
7 36 1
48 91 1
58 12 1
78 75 1
44 47 1
24 3 1
6 119 1
81 54 1
10 122 1
101 59 1
81 71 1
6 6 1
57 46 1
5 182 1
43 15 1
33 21 1
9 28 1
76 92 1
42 92 1
5 104 1
62 27 1
66 70 1
8 83 1
28 14 1
4 39 1
8 34 1
99 99 1
65 55 1
41 62 1
4 182 1
61 35 1
8 177 1
94 53 1
41 79 1
3 7 1
64 23 1
50 22 1
12 94 1
93 5 1
22 3 1
79 86 1
26 78 1
83 19 1
12 45 1
45 51 1
25 63 1
45 68 1
139 3 1
1 38 1
78 52 1
7 8 1
48 71 1
11 77 1
1 87 1
6 192 1
44 19 1
7 153 1
10 143 1
0 105 1
77 85 1
24 31 1
6 83 1
10 30 1
101 95 1
67 67 1
30 85 1
0 24 1
77 38 1
63 23 1
0 183 1
5 170 1
80 101 1
9 175 1
63 100 1
29 52 1
90 2 1
19 2 1
9 56 1
66 59 1
62 55 1
95 53 1
8 79 1
136 4 1
99 14 1
32 85 1
14 37 1
189 1 1
65 19 1
4 170 1
98 93 1
61 71 1
27 91 1
47 20 1
23 15 1
84 15 1
13 53 1
74 37 1
2 185 1
26 51 1
46 54 1
103 3 1
16 5 1
2 40 1
83 47 1
69 0 1
59 22 1
45 23 1
49 92 1
31 68 1
35 1 1
92 86 1
1 145 1
25 27 1
82 28 1
58 85 1
48 99 1
152 1 1
30 38 1
91 52 1
6 63 1
134 0 1
10 50 1
67 63 1
63 11 1
5 142 1
43 87 1
100 12 1
15 37 1
76 21 1
5 31 1
9 84 1
66 31 1
76 100 1
42 20 1
32 2 1
4 104 1
65 78 1
85 3 1
14 1 1
75 53 1
4 142 1
27 39 1
94 13 1
23 19 1
84 35 1
50 79 1
3 95 1
60 20 1
64 95 1
26 23 1
93 77 1
79 14 1
96 78 1
116 1 1
25 70 1
96 61 1
82 0 1
11 4 1
1 110 1
44 68 1
7 80 1
48 15 1
6 136 1
10 71 1
101 6 1
30 2 1
0 81 1
77 29 1
24 87 1
6 27 1
67 27 1
0 192 1
9 150 1
63 47 1
29 75 1
80 45 1
9 112 1
66 99 1
28 43 1
32 46 1
95 13 1
99 70 1
8 7 1
14 29 1
61 30 1
8 150 1
47 95 1
94 94 1
98 5 1
27 3 1
3 42 1
23 55 1
64 12 1
84 71 1
40 37 1
16 62 1
2 97 1
97 37 1
16 77 1
2 16 1
49 11 1
1 168 1
59 94 1
82 85 1
45 95 1
49 100 1
31 28 1
92 30 1
7 39 1
48 92 1
1 74 1
58 13 1
48 43 1
24 4 1
81 53 1
81 70 1
6 7 1
57 45 1
43 14 1
9 178 1
63 67 1
29 47 1
33 20 1
5 198 1
9 3 1
15 29 1
76 93 1
42 93 1
5 87 1
66 71 1
8 84 1
99 21 1
28 15 1
14 78 1
4 32 1
8 35 1
65 54 1
41 61 1
4 183 1
8 178 1
41 78 1
74 14 1
3 6 1
23 91 1
84 91 1
50 23 1
3 151 1
46 27 1
12 95 1
93 4 1
22 0 1
26 79 1
12 46 1
59 13 1
49 55 1
31 99 1
25 62 1
45 67 1
139 2 1
78 53 1
7 11 1
11 76 1
1 86 1
44 12 1
7 152 1
0 106 1
91 43 1
77 84 1
6 80 1
10 31 1
101 94 1
0 25 1
77 37 1
63 22 1
124 0 1
33 71 1
0 136 1
5 169 1
9 174 1
29 51 1
90 3 1
5 58 1
9 63 1
62 52 1
95 52 1
8 112 1
28 19 1
32 86 1
95 69 1
189 0 1
61 70 1
8 174 1
155 1 1
47 23 1
94 22 1
23 14 1
13 52 1
3 98 1
50 59 1
2 182 1
46 55 1
103 2 1
12 67 1
16 6 1
2 41 1
79 53 1
83 46 1
45 22 1
49 83 1
106 4 1
31 71 1
35 0 1
1 144 1
92 87 1
82 29 1
11 27 1
7 111 1
48 100 1
152 2 1
10 160 1
30 39 1
0 118 1
91 55 1
6 60 1
134 1 1
10 51 1
67 62 1
33 99 1
57 101 1
43 86 1
100 13 1
29 23 1
15 36 1
76 22 1
5 30 1
9 91 1
66 28 1
15 85 1
76 101 1
42 21 1
119 1 1
32 3 1
4 105 1
99 45 1
65 77 1
85 2 1
14 6 1
75 52 1
94 99 1
4 143 1
27 38 1
47 43 1
3 49 1
131 4 1
84 44 1
50 76 1
74 70 1
3 94 1
60 21 1
2 154 1
150 2 1
26 20 1
83 93 1
46 83 1
93 76 1
96 79 1
59 53 1
116 2 1
25 69 1
31 59 1
92 59 1
96 62 1
82 1 1
11 7 1
44 69 1
7 83 1
48 0 1
6 137 1
10 68 1
101 5 1
30 3 1
0 82 1
91 19 1
77 28 1
6 24 1
43 37 1
63 46 1
33 15 1
80 46 1
5 114 1
9 119 1
28 36 1
32 47 1
75 67 1
95 12 1
8 8 1
28 91 1
61 29 1
8 151 1
47 94 1
94 95 1
98 2 1
23 54 1
64 13 1
40 38 1
3 186 1
16 63 1
2 126 1
93 63 1
97 36 1
12 11 1
16 78 1
2 17 1
1 175 1
45 94 1
31 31 1
92 31 1
7 38 1
48 93 1
11 35 1
1 73 1
7 183 1
48 44 1
24 5 1
81 52 1
10 120 1
0 62 1
81 69 1
6 4 1
57 44 1
9 177 1
29 46 1
33 43 1
15 28 1
76 94 1
5 86 1
66 68 1
8 85 1
99 20 1
32 75 1
14 79 1
4 33 1
8 36 1
99 101 1
65 53 1
41 60 1
4 176 1
94 59 1
41 77 1
98 38 1
13 15 1
74 15 1
3 9 1
84 100 1
50 20 1
3 150 1
16 27 1
2 66 1
93 3 1
22 1 1
26 76 1
83 21 1
12 47 1
59 12 1
49 54 1
92 76 1
25 61 1
82 54 1
7 10 1
11 79 1
58 46 1
6 198 1
44 13 1
77 83 1
6 81 1
10 28 1
101 93 1
67 69 1
30 91 1
0 26 1
91 91 1
77 36 1
33 70 1
124 1 1
0 137 1
5 168 1
33 55 1
90 0 1
19 4 1
5 57 1
9 62 1
42 62 1
5 74 1
62 53 1
38 2 1
4 118 1
95 55 1
8 113 1
32 87 1
14 43 1
75 11 1
95 68 1
8 192 1
98 91 1
61 69 1
8 175 1
27 93 1
155 0 1
47 22 1
94 23 1
13 51 1
74 35 1
121 4 1
2 183 1
46 52 1
16 7 1
2 38 1
79 52 1
45 21 1
31 70 1
35 3 1
1 151 1
96 19 1
58 83 1
78 22 1
7 110 1
48 101 1
152 3 1
6 162 1
10 161 1
30 36 1
0 119 1
91 54 1
6 61 1
10 48 1
63 53 1
29 101 1
57 100 1
80 67 1
100 14 1
29 22 1
15 39 1
76 23 1
62 70 1
9 90 1
66 29 1
15 84 1
119 0 1
32 4 1
4 106 1
95 43 1
99 44 1
65 76 1
85 1 1
14 7 1
75 55 1
47 69 1
4 136 1
17 3 1
3 48 1
23 45 1
84 45 1
50 77 1
13 87 1
74 71 1
40 75 1
168 0 1
3 65 1
60 22 1
97 31 1
150 3 1
26 21 1
83 92 1
16 99 1
2 10 1
93 75 1
59 52 1
116 3 1
25 68 1
92 52 1
96 63 1
7 61 1
11 6 1
44 70 1
7 82 1
48 1 1
6 142 1
101 4 1
10 69 1
30 0 1
77 27 1
6 25 1
67 29 1
57 23 1
43 36 1
100 83 1
33 14 1
80 47 1
15 59 1
76 59 1
5 113 1
9 118 1
28 37 1
4 78 1
95 15 1
8 9 1
28 84 1
61 28 1
8 152 1
94 92 1
98 3 1
27 5 1
60 75 1
64 14 1
40 39 1
2 127 1
93 62 1
97 59 1
12 4 1
16 79 1
1 174 1
82 83 1
45 93 1
31 30 1
7 33 1
48 94 1
1 72 1
58 11 1
78 78 1
7 182 1
10 150 1
48 45 1
24 6 1
6 106 1
81 43 1
10 121 1
0 63 1
77 63 1
81 68 1
6 5 1
0 174 1
57 51 1
114 4 1
9 176 1
63 77 1
29 45 1
80 11 1
15 31 1
76 95 1
42 91 1
62 30 1
66 69 1
8 86 1
99 23 1
32 76 1
14 76 1
4 34 1
95 99 1
8 37 1
99 100 1
65 52 1
41 35 1
4 177 1
41 76 1
98 39 1
13 14 1
74 12 1
3 8 1
23 85 1
84 101 1
50 21 1
40 3 1
3 153 1
16 28 1
97 71 1
79 83 1
26 77 1
83 20 1
59 15 1
49 53 1
92 77 1
1 138 1
25 60 1
82 55 1
139 4 1
78 59 1
7 5 1
11 78 1
58 47 1
44 14 1
7 154 1
10 138 1
158 2 1
91 45 1
6 86 1
81 23 1
10 29 1
101 92 1
67 68 1
77 35 1
33 69 1
124 2 1
0 138 1
57 79 1
5 151 1
33 54 1
90 1 1
5 56 1
9 61 1
66 54 1
56 0 1
76 67 1
42 63 1
5 73 1
38 3 1
4 119 1
95 54 1
8 114 1
99 51 1
95 71 1
4 6 1
41 31 1
61 68 1
27 92 1
155 3 1
94 20 1
26 62 1
83 67 1
46 53 1
2 39 1
97 99 1
79 55 1
59 43 1
45 20 1
106 2 1
35 2 1
1 150 1
96 20 1
82 27 1
11 29 1
1 7 1
78 23 1
44 99 1
7 105 1
152 4 1
10 174 1
30 37 1
0 72 1
6 50 1
10 49 1
43 59 1
63 52 1
29 100 1
0 150 1
80 68 1
100 15 1
137 3 1
29 21 1
15 38 1
62 71 1
9 89 1
15 87 1
42 19 1
119 3 1
32 5 1
8 110 1
99 47 1
65 67 1
85 0 1
14 4 1
75 54 1
47 68 1
51 1 1
4 137 1
47 53 1
17 2 1
23 44 1
64 35 1
84 46 1
13 86 1
74 68 1
40 76 1
3 64 1
168 1 1
60 23 1
2 152 1
97 30 1
150 0 1
83 95 1
16 100 1
79 11 1
59 55 1
25 75 1
31 37 1
92 53 1
7 60 1
44 71 1
7 77 1
48 2 1
24 43 1
6 143 1
101 3 1
10 66 1
30 1 1
91 21 1
6 30 1
81 95 1
67 28 1
57 22 1
43 39 1
100 92 1
33 13 1
100 35 1
76 52 1
42 100 1
5 112 1
62 99 1
28 38 1
75 69 1
4 79 1
132 4 1
95 14 1
8 10 1
99 75 1
65 47 1
28 85 1
61 27 1
8 153 1
94 93 1
41 87 1
98 0 1
27 4 1
3 47 1
60 68 1
64 15 1
60 59 1
46 2 1
93 61 1
12 5 1
59 83 1
25 39 1
45 92 1
7 32 1
48 95 1
11 37 1
1 79 1
78 79 1
44 43 1
7 177 1
10 151 1
48 46 1
24 7 1
7 198 1
10 102 1
101 39 1
0 48 1
77 62 1

59 0 0
5 68 0
3 35 0
0 20 0
41 2 0
5 44 0
4 36 0
3 52 0
2 84 0
62 2 0
0 76 0
1 83 0
2 67 0
25 1 0
74 1 0
93 2 0
2 5 0
1 11 0
0 61 0
27 2 0
3 69 0
4 93 0
77 1 0
9 0 0
5 5 0
4 19 0
3 45 0
79 2 0
1 45 0
0 83 0
40 0 0
61 0 0
5 84 0
3 51 0
1 28 0
0 4 0
24 1 0
92 0 0
5 60 0
4 52 0
2 27 0
2 68 0
74 2 0
1 67 0
27 1 0
8 2 0
76 1 0
5 11 0
4 5 0
2 53 0
1 59 0
0 45 0
5 77 0
6 0 0
3 85 0
11 0 0
60 2 0
79 1 0
5 21 0
4 35 0
3 61 0
42 0 0
0 67 0
91 2 0
96 2 0
1 84 0
3 12 0
2 28 0
1 12 0
0 52 0
26 1 0
45 2 0
94 0 0
4 68 0
2 11 0
78 1 0
2 99 0
5 27 0
4 21 0
2 37 0
1 43 0
0 93 0
5 93 0
1 21 0
0 27 0
91 1 0
5 37 0
4 51 0
44 0 0
3 11 0
1 68 0
26 2 0
75 0 0
4 12 0
3 28 0
2 12 0
1 60 0
0 36 0
28 1 0
57 2 0
4 84 0
2 59 0
78 2 0
7 2 0
5 67 0
1 99 0
0 21 0
41 1 0
5 43 0
4 37 0
2 85 0
43 2 0
0 77 0
1 5 0
0 11 0
25 0 0
93 1 0
5 53 0
4 67 0
95 2 0
0 99 0
3 68 0
3 27 0
77 0 0
5 4 0
4 28 0
3 44 0
2 60 0
1 44 0
0 84 0
7 1 0
40 1 0
2 43 0
5 83 0
1 19 0
0 5 0
24 2 0
43 1 0
5 59 0
4 53 0
1 93 0
2 69 0
92 1 0
4 11 0
3 5 0
27 0 0
1 53 0
0 59 0
76 2 0
95 1 0
3 67 0
4 83 0
9 2 0
58 0 0
5 76 0
6 1 0
3 84 0
3 43 0
79 0 0
5 20 0
4 44 0
3 60 0
2 44 0
42 1 0
0 68 0
61 2 0
2 91 0
5 99 0
45 1 0
2 29 0
1 3 0
0 53 0
94 1 0
3 77 0
4 69 0
1 77 0
8 0 0
5 13 0
4 27 0
3 21 0
1 37 0
0 43 0
6 2 0
3 83 0
4 99 0
60 0 0
5 92 0
3 59 0
1 20 0
0 28 0
42 2 0
91 0 0
5 36 0
4 60 0
2 19 0
2 92 0
44 1 0
96 0 0
1 91 0
2 75 0
94 2 0
23 2 0
4 13 0
28 2 0
2 13 0
1 51 0
0 37 0
57 1 0
3 93 0
4 85 0
10 0 0
59 2 0
5 29 0
4 43 0
3 37 0
0 91 0
41 0 0
3 99 0
62 0 0
2 20 0
1 4 0
0 12 0
93 0 0
5 52 0
4 76 0
2 3 0
2 76 0
23 1 0
1 75 0
5 3 0
4 29 0
2 61 0
1 35 0
0 85 0
5 69 0
7 0 0
40 2 0
59 1 0
0 19 0
5 45 0
4 59 0
3 53 0
43 0 0
92 2 0
0 75 0
1 92 0
25 2 0
74 0 0
3 4 0
2 4 0
1 52 0
0 60 0
95 0 0
4 92 0
2 51 0
9 1 0
58 1 0
5 75 0
77 2 0
11 2 0
5 19 0
4 45 0
61 1 0
2 45 0
0 69 0
5 85 0
1 29 0
0 3 0
24 0 0
5 61 0
4 75 0
45 0 0
3 76 0
3 3 0
1 76 0
76 0 0
8 1 0
5 12 0
4 4 0
3 20 0
2 52 0
1 36 0
0 44 0
58 2 0
11 1 0
2 35 0
60 1 0
5 91 0
0 29 0
5 35 0
4 61 0
1 85 0
2 93 0
44 2 0
96 1 0
3 13 0
1 13 0
0 51 0
26 0 0
75 2 0
3 75 0
4 91 0
57 0 0
3 92 0
3 19 0
10 1 0
78 0 0
5 28 0
4 20 0
3 36 0
2 36 0
0 92 0
62 1 0
2 83 0
2 21 0
1 27 0
0 13 0
5 51 0
4 77 0
1 69 0
2 77 0
75 1 0
23 0 0
4 3 0
3 29 0
28 0 0
1 61 0
0 35 0
3 91 0
10 2 0

59 0 0
5 68 0
3 35 0
0 20 0
41 2 0
5 44 0
4 36 0
3 52 0
2 84 0
62 2 0
0 76 0
1 83 0
2 67 0
25 1 0
74 1 0
93 2 0
2 5 0
1 11 0
0 61 0
27 2 0
3 69 0
4 93 0
77 1 0
9 0 0
5 5 0
4 19 0
3 45 0
79 2 0
1 45 0
0 83 0
40 0 0
61 0 0
5 84 0
3 51 0
1 28 0
0 4 0
24 1 0
92 0 0
5 60 0
4 52 0
2 27 0
2 68 0
74 2 0
1 67 0
27 1 0
8 2 0
76 1 0
5 11 0
4 5 0
2 53 0
1 59 0
0 45 0
5 77 0
6 0 0
3 85 0
11 0 0
60 2 0
79 1 0
5 21 0
4 35 0
3 61 0
42 0 0
0 67 0
91 2 0
96 2 0
1 84 0
3 12 0
2 28 0
1 12 0
0 52 0
26 1 0
45 2 0
94 0 0
4 68 0
2 11 0
78 1 0
2 99 0
5 27 0
4 21 0
2 37 0
1 43 0
0 93 0
5 93 0
1 21 0
0 27 0
91 1 0
5 37 0
4 51 0
44 0 0
3 11 0
1 68 0
26 2 0
75 0 0
4 12 0
3 28 0
2 12 0
1 60 0
0 36 0
28 1 0
57 2 0
4 84 0
2 59 0
78 2 0
7 2 0
5 67 0
1 99 0
0 21 0
41 1 0
5 43 0
4 37 0
2 85 0
43 2 0
0 77 0
1 5 0
0 11 0
25 0 0
93 1 0
5 53 0
4 67 0
95 2 0
0 99 0
3 68 0
3 27 0
77 0 0
5 4 0
4 28 0
3 44 0
2 60 0
1 44 0
0 84 0
7 1 0
40 1 0
2 43 0
5 83 0
1 19 0
0 5 0
24 2 0
43 1 0
5 59 0
4 53 0
1 93 0
2 69 0
92 1 0
4 11 0
3 5 0
27 0 0
1 53 0
0 59 0
76 2 0
95 1 0
3 67 0
4 83 0
9 2 0
58 0 0
5 76 0
6 1 0
3 84 0
3 43 0
79 0 0
5 20 0
4 44 0
3 60 0
2 44 0
42 1 0
0 68 0
61 2 0
2 91 0
5 99 0
45 1 0
2 29 0
1 3 0
0 53 0
94 1 0
3 77 0
4 69 0
1 77 0
8 0 0
5 13 0
4 27 0
3 21 0
1 37 0
0 43 0
6 2 0
3 83 0
4 99 0
60 0 0
5 92 0
3 59 0
1 20 0
0 28 0
42 2 0
91 0 0
5 36 0
4 60 0
2 19 0
2 92 0
44 1 0
96 0 0
1 91 0
2 75 0
94 2 0
23 2 0
4 13 0
28 2 0
2 13 0
1 51 0
0 37 0
57 1 0
3 93 0
4 85 0
10 0 0
59 2 0
5 29 0
4 43 0
3 37 0
0 91 0
41 0 0
3 99 0
62 0 0
2 20 0
1 4 0
0 12 0
93 0 0
5 52 0
4 76 0
2 3 0
2 76 0
23 1 0
1 75 0
5 3 0
4 29 0
2 61 0
1 35 0
0 85 0
5 69 0
7 0 0
40 2 0
59 1 0
0 19 0
5 45 0
4 59 0
3 53 0
43 0 0
92 2 0
0 75 0
1 92 0
25 2 0
74 0 0
3 4 0
2 4 0
1 52 0
0 60 0
95 0 0
4 92 0
2 51 0
9 1 0
58 1 0
5 75 0
77 2 0
11 2 0
5 19 0
4 45 0
61 1 0
2 45 0
0 69 0
5 85 0
1 29 0
0 3 0
24 0 0
5 61 0
4 75 0
45 0 0
3 76 0
3 3 0
1 76 0
76 0 0
8 1 0
5 12 0
4 4 0
3 20 0
2 52 0
1 36 0
0 44 0
58 2 0
11 1 0
2 35 0
60 1 0
5 91 0
0 29 0
5 35 0
4 61 0
1 85 0
2 93 0
44 2 0
96 1 0
3 13 0
1 13 0
0 51 0
26 0 0
75 2 0
3 75 0
4 91 0
57 0 0
3 92 0
3 19 0
10 1 0
78 0 0
5 28 0
4 20 0
3 36 0
2 36 0
0 92 0
62 1 0
2 83 0
2 21 0
1 27 0
0 13 0
5 51 0
4 77 0
1 69 0
2 77 0
75 1 0
23 0 0
4 3 0
3 29 0
28 0 0
1 61 0
0 35 0
3 91 0
10 2 0

