235 36 1
218 116 1
95 101 1
63 76 1
174 65 1
139 97 1
140 113 1
68 25 1
146 213 1
97 52 1
78 86 1
61 38 1
189 81 1
190 65 1
155 33 1
118 57 1
79 76 1
236 76 1
113 84 1
239 65 1
205 113 1
123 31 1
120 113 1
140 153 1
146 189 1
114 60 1
242 73 1
78 46 1
208 57 1
80 116 1
140 104 1
236 52 1
146 204 1
129 140 1
123 167 1
86 41 1
98 36 1
81 36 1
101 41 1
67 89 1
146 37 1
140 144 1
70 81 1
146 180 1
99 108 1
104 97 1
123 207 1
140 103 1
129 133 1
115 44 1
98 76 1
152 81 1
66 84 1
106 47 1
70 57 1
163 60 1
146 28 1
116 68 1
82 52 1
191 33 1
157 113 1
140 143 1
85 89 1
129 109 1
207 97 1
72 113 1
129 158 1
147 52 1
152 41 1
83 28 1
66 60 1
122 65 1
103 97 1
106 135 1
214 108 1
88 81 1
180 52 1
163 84 1
119 33 1
112 198 1
131 76 1
89 103 1
181 68 1
146 166 1
129 102 1
130 108 1
186 113 1
231 84 1
197 68 1
72 120 1
112 110 1
148 36 1
131 36 1
72 129 1
198 124 1
55 72 1
117 68 1
232 28 1
89 104 1
95 70 1
149 116 1
154 97 1
135 65 1
72 127 1
204 49 1
169 81 1
170 97 1
78 181 1
106 137 1
215 100 1
112 101 1
55 208 1
61 180 1
123 48 1
89 192 1
72 136 1
55 65 1
166 76 1
95 62 1
132 52 1
188 57 1
135 41 1
89 113 1
200 44 1
71 65 1
182 76 1
238 25 1
105 81 1
233 36 1
216 108 1
55 184 1
95 220 1
78 188 1
61 92 1
133 100 1
137 97 1
138 113 1
123 88 1
112 156 1
55 41 1
187 81 1
188 65 1
153 33 1
61 205 1
89 201 1
72 143 1
217 60 1
199 116 1
234 92 1
203 113 1
95 180 1
150 124 1
206 73 1
172 41 1
137 25 1
201 52 1
55 177 1
184 92 1
240 73 1
222 73 1
95 197 1
61 85 1
123 81 1
89 161 1
234 52 1
237 41 1
151 68 1
61 198 1
62 44 1
156 49 1
84 25 1
55 87 1
202 108 1
185 44 1
95 44 1
167 68 1
206 33 1
96 44 1
218 44 1
221 49 1
95 189 1
174 121 1
140 57 1
68 81 1
97 124 1
78 142 1
61 110 1
134 108 1
190 25 1
118 97 1
62 68 1
219 116 1
55 63 1
113 28 1
239 121 1
224 121 1
205 57 1
235 84 1
64 92 1
63 60 1
139 81 1
140 161 1
146 133 1
114 68 1
78 102 1
80 60 1
189 33 1
155 113 1
140 48 1
236 124 1
55 135 1
123 111 1
86 81 1
81 108 1
64 36 1
120 65 1
173 73 1
101 97 1
102 113 1
140 201 1
146 109 1
242 57 1
223 105 1
208 105 1
140 88 1
129 92 1
140 47 1
129 205 1
98 116 1
173 49 1
101 25 1
140 192 1
106 103 1
146 100 1
129 36 1
99 92 1
65 92 1
191 121 1
157 57 1
140 87 1
129 85 1
115 124 1
225 89 1
207 89 1
129 198 1
147 108 1
241 121 1
152 97 1
66 100 1
122 121 1
106 223 1
163 108 1
82 100 1
129 61 1
89 95 1
72 33 1
164 68 1
129 174 1
130 84 1
186 41 1
100 44 1
83 108 1
103 81 1
106 183 1
214 60 1
197 28 1
180 68 1
88 97 1
69 65 1
119 113 1
112 182 1
131 124 1
136 113 1
106 105 1
89 55 1
72 217 1
198 68 1
146 86 1
129 54 1
186 65 1
117 60 1
100 68 1
121 57 1
232 84 1
197 116 1
72 40 1
95 158 1
154 89 1
112 94 1
165 44 1
148 116 1
204 121 1
170 57 1
106 193 1
89 143 1
215 44 1
198 44 1
87 97 1
146 62 1
112 173 1
220 89 1
121 81 1
106 80 1
89 56 1
72 192 1
95 118 1
149 68 1
154 49 1
135 113 1
72 47 1
200 100 1
182 52 1
165 68 1
78 69 1
105 41 1
106 185 1
216 36 1
112 85 1
61 132 1
106 200 1
89 144 1
112 164 1
183 92 1
166 60 1
132 100 1
153 25 1
72 199 1
200 28 1
199 60 1
217 116 1
71 113 1
203 57 1
238 105 1
233 84 1
95 140 1
150 36 1
78 76 1
61 44 1
137 81 1
123 168 1
106 160 1
112 76 1
183 36 1
187 33 1
61 157 1
153 113 1
123 25 1
89 153 1
156 121 1
84 81 1
185 100 1
95 100 1
78 36 1
206 25 1
171 73 1
172 89 1
150 76 1
201 100 1
240 57 1
221 121 1
222 121 1
61 37 1
123 161 1
237 89 1
78 198 1
61 150 1
134 52 1
62 28 1
55 103 1
202 92 1
168 68 1
224 33 1
96 124 1
113 36 1
171 49 1
235 28 1
218 124 1
95 109 1
63 116 1
174 73 1
123 201 1
140 105 1
146 205 1
97 76 1
78 94 1
61 62 1
189 105 1
190 73 1
155 57 1
118 49 1
79 84 1
236 68 1
55 207 1
113 76 1
239 73 1
224 73 1
205 105 1
64 108 1
120 121 1
102 57 1
140 145 1
146 181 1
114 52 1
242 65 1
78 54 1
208 49 1
80 108 1
140 96 1
236 44 1
146 196 1
129 132 1
123 191 1
86 33 1
98 60 1
81 28 1
173 121 1
101 81 1
67 65 1
146 29 1
223 25 1
140 136 1
70 73 1
146 172 1
129 108 1
104 105 1
123 199 1
140 31 1
129 157 1
115 52 1
98 68 1
152 89 1
70 49 1
163 36 1
116 76 1
82 44 1
65 108 1
191 41 1
157 73 1
140 135 1
85 97 1
129 101 1
225 41 1
207 105 1
72 121 1
129 150 1
147 60 1
130 28 1
152 49 1
83 36 1
66 52 1
122 73 1
106 143 1
214 100 1
88 89 1
180 60 1
163 92 1
69 25 1
116 36 1
119 57 1
89 111 1
181 76 1
146 158 1
129 126 1
130 100 1
186 121 1
164 52 1
100 28 1
231 76 1
69 113 1
197 76 1
72 96 1
95 214 1
112 102 1
148 44 1
131 44 1
106 25 1
89 199 1
72 137 1
198 116 1
181 36 1
87 41 1
55 64 1
117 76 1
89 112 1
95 78 1
149 124 1
154 105 1
72 103 1
165 28 1
148 68 1
204 41 1
169 89 1
170 105 1
78 189 1
216 28 1
215 124 1
112 157 1
220 105 1
55 40 1
61 204 1
89 200 1
72 176 1
55 89 1
166 68 1
95 38 1
132 60 1
188 49 1
135 33 1
89 121 1
72 31 1
200 84 1
71 57 1
182 68 1
238 33 1
169 49 1
105 89 1
233 44 1
216 116 1
55 176 1
95 196 1
78 132 1
133 108 1
61 84 1
137 105 1
138 121 1
123 80 1
89 160 1
112 148 1
183 108 1
55 33 1
187 105 1
188 89 1
153 41 1
61 197 1
89 209 1
72 183 1
234 68 1
199 108 1
203 105 1
95 188 1
150 116 1
78 28 1
206 81 1
172 33 1
201 60 1
55 137 1
112 60 1
184 100 1
222 49 1
240 65 1
95 205 1
61 109 1
123 105 1
89 169 1
234 60 1
237 33 1
151 92 1
84 33 1
185 52 1
168 28 1
167 124 1
96 36 1
206 41 1
171 121 1
218 52 1
201 84 1
95 165 1
140 49 1
68 89 1
97 116 1
78 150 1
61 102 1
134 100 1
118 121 1
62 76 1
219 76 1
55 55 1
168 116 1
224 113 1
205 49 1
96 76 1
235 76 1
95 29 1
64 84 1
63 36 1
174 25 1
139 73 1
140 89 1
68 49 1
114 124 1
97 28 1
78 110 1
80 52 1
189 57 1
79 100 1
155 73 1
140 40 1
236 116 1
55 159 1
129 204 1
239 25 1
205 89 1
123 103 1
86 105 1
81 100 1
64 60 1
120 73 1
173 65 1
101 105 1
67 25 1
140 193 1
102 105 1
146 101 1
242 49 1
223 81 1
208 97 1
140 80 1
129 84 1
123 143 1
140 39 1
129 197 1
173 41 1
67 113 1
106 111 1
70 121 1
146 92 1
129 60 1
99 68 1
65 84 1
191 97 1
104 25 1
157 49 1
140 79 1
85 25 1
129 173 1
115 68 1
225 81 1
207 33 1
147 116 1
241 113 1
152 105 1
66 124 1
106 199 1
116 28 1
82 92 1
191 25 1
129 53 1
72 41 1
164 76 1
129 166 1
130 44 1
186 49 1
83 116 1
122 25 1
103 73 1
106 191 1
214 52 1
88 105 1
180 76 1
69 73 1
119 73 1
112 174 1
131 100 1
136 121 1
106 81 1
89 63 1
72 193 1
181 28 1
146 78 1
186 73 1
100 76 1
232 92 1
231 60 1
197 124 1
72 80 1
95 134 1
112 86 1
148 124 1
204 113 1
170 33 1
106 201 1
89 151 1
215 36 1
198 36 1
87 121 1
146 54 1
112 165 1
220 81 1
121 89 1
232 52 1
106 88 1
72 200 1
95 126 1
149 76 1
154 57 1
135 105 1
72 87 1
200 108 1
165 76 1
204 25 1
78 77 1
106 161 1
216 44 1
215 76 1
112 77 1
61 156 1
138 49 1
106 48 1
89 152 1
55 105 1
183 84 1
166 52 1
112 220 1
132 108 1
217 124 1
72 207 1
199 52 1
71 105 1
238 113 1
203 49 1
78 37 1
233 92 1
78 84 1
61 36 1
133 28 1
150 60 1
137 89 1
123 160 1
106 168 1
112 68 1
183 60 1
184 28 1
187 57 1
61 149 1
153 121 1
234 116 1
203 89 1
156 113 1
84 89 1
185 108 1
95 108 1
78 44 1
206 97 1
171 65 1
172 81 1
150 68 1
123 200 1
201 108 1
240 49 1
221 113 1
222 97 1
61 61 1
123 185 1
237 81 1
78 206 1
151 44 1
134 44 1
61 174 1
202 68 1
55 127 1
168 76 1
224 57 1
96 116 1
171 41 1
218 68 1
95 85 1
63 124 1
174 81 1
123 193 1
140 97 1
146 197 1
97 68 1
78 166 1
61 54 1
189 97 1
190 113 1
155 49 1
79 92 1
219 28 1
55 199 1
113 68 1
239 81 1
224 65 1
205 97 1
123 47 1
235 124 1
64 100 1
102 49 1
139 57 1
140 137 1
146 173 1
114 44 1
242 121 1
78 62 1
208 41 1
80 100 1
236 36 1
55 175 1
129 156 1
123 183 1
86 57 1
98 52 1
120 25 1
173 113 1
101 89 1
67 73 1
102 89 1
140 128 1
70 65 1
146 164 1
129 100 1
65 28 1
104 81 1
123 223 1
129 149 1
115 60 1
98 92 1
207 25 1
241 57 1
106 31 1
70 41 1
163 44 1
116 84 1
99 52 1
82 36 1
65 100 1
191 81 1
157 65 1
140 191 1
85 105 1
129 125 1
225 33 1
207 113 1
72 97 1
147 68 1
152 57 1
83 44 1
122 81 1
88 33 1
214 124 1
163 68 1
116 44 1
119 49 1
136 49 1
89 119 1
72 25 1
181 84 1
146 150 1
129 118 1
130 124 1
164 60 1
83 68 1
103 57 1
231 68 1
69 121 1
197 52 1
72 104 1
112 158 1
148 52 1
89 207 1
72 177 1
198 108 1
181 44 1
146 126 1
55 88 1
220 25 1
87 33 1
117 84 1
89 120 1
95 182 1
154 113 1
72 111 1
148 76 1
204 33 1
169 65 1
78 133 1
170 81 1
89 167 1
215 116 1
87 73 1
112 149 1
220 97 1
55 32 1
61 196 1
89 208 1
72 184 1
55 81 1
166 124 1
95 46 1
149 28 1
132 36 1
135 25 1
89 65 1
200 92 1
71 49 1
182 92 1
238 41 1
169 57 1
78 29 1
105 65 1
216 124 1
55 136 1
112 61 1
95 204 1
78 140 1
61 108 1
133 84 1
138 97 1
123 104 1
89 168 1
55 57 1
112 140 1
183 100 1
187 97 1
188 81 1
153 49 1
89 217 1
72 191 1
234 76 1
199 100 1
238 65 1
203 97 1
95 164 1
78 100 1
206 89 1
172 25 1
201 36 1
55 129 1
112 52 1
184 108 1
222 57 1
240 121 1
61 101 1
123 97 1
89 177 1
234 36 1
237 25 1
151 84 1
61 214 1
84 41 1
185 60 1
96 60 1
95 28 1
167 116 1
206 49 1
171 113 1
218 60 1
201 92 1
95 173 1
123 137 1
140 41 1
68 65 1
78 158 1
61 126 1
134 92 1
118 113 1
62 116 1
219 68 1
202 52 1
168 124 1
96 68 1
205 41 1
235 68 1
63 44 1
174 33 1
139 65 1
140 81 1
68 57 1
114 116 1
78 118 1
80 44 1
189 49 1
79 108 1
155 65 1
140 32 1
236 108 1
219 44 1
55 151 1
129 196 1
239 33 1
205 81 1
123 127 1
86 97 1
81 92 1
64 52 1
120 81 1
102 97 1
146 93 1
114 28 1
242 41 1
223 89 1
208 89 1
140 72 1
129 172 1
123 135 1
173 33 1
67 121 1
223 49 1
106 87 1
70 113 1
146 84 1
129 52 1
99 76 1
65 44 1
191 105 1
85 33 1
140 71 1
129 165 1
115 76 1
225 105 1
207 41 1
129 214 1
147 124 1
241 105 1
152 113 1
66 116 1
106 207 1
88 25 1
163 28 1
146 60 1
116 100 1
82 84 1
72 81 1
164 116 1
129 190 1
130 36 1
186 57 1
83 124 1
122 33 1
103 65 1
106 167 1
214 76 1
88 113 1
180 84 1
69 49 1
119 65 1
112 166 1
131 108 1
136 97 1
106 89 1
72 201 1
181 100 1
146 70 1
186 81 1
100 116 1
232 68 1
231 52 1
197 100 1
72 88 1
95 142 1
112 78 1
204 105 1
170 41 1
106 49 1
89 159 1
215 60 1
198 28 1
87 113 1
146 46 1
55 104 1
220 41 1
117 100 1
121 97 1
232 60 1
106 64 1
95 102 1
149 84 1
135 97 1
72 95 1
165 116 1
169 113 1
78 85 1
105 25 1
106 169 1
216 52 1
215 68 1
112 69 1
78 196 1
61 148 1
138 57 1
106 56 1
55 97 1
112 212 1
166 44 1
132 84 1
188 25 1
217 68 1
71 97 1
199 44 1
182 108 1
238 121 1
203 41 1
78 45 1
105 113 1
233 68 1
78 92 1
61 60 1
150 52 1
137 65 1
138 81 1
123 184 1
106 144 1
112 124 1
183 52 1
184 36 1
55 201 1
187 49 1
153 65 1
61 173 1
123 41 1
234 124 1
203 81 1
156 73 1
84 97 1
185 116 1
95 84 1
78 52 1
206 105 1
167 60 1
172 73 1
150 92 1
123 192 1
240 41 1
221 73 1
222 105 1
61 53 1
123 177 1
237 73 1
78 214 1
61 166 1
151 36 1
134 36 1
202 76 1
55 119 1
168 52 1
224 49 1
171 33 1
218 76 1
95 93 1
63 100 1
174 89 1
123 217 1
140 25 1
68 113 1
97 92 1
78 174 1
61 78 1
189 121 1
190 121 1
79 36 1
55 223 1
113 124 1
239 89 1
224 89 1
205 25 1
123 39 1
235 116 1
95 53 1
64 124 1
63 28 1
102 41 1
139 49 1
140 129 1
146 165 1
114 36 1
242 113 1
80 92 1
208 33 1
236 28 1
55 167 1
129 148 1
123 79 1
86 49 1
120 33 1
173 105 1
101 65 1
67 49 1
102 81 1
242 25 1
140 184 1
146 156 1
129 124 1
104 89 1
123 215 1
98 84 1
241 49 1
70 33 1
116 92 1
99 60 1
82 28 1
65 124 1
191 89 1
104 49 1
157 89 1
140 183 1
85 113 1
129 117 1
225 57 1
207 121 1
72 105 1
147 76 1
241 89 1
83 52 1
122 89 1
88 41 1
214 116 1
163 76 1
116 52 1
140 223 1
136 57 1
89 127 1
181 92 1
146 142 1
129 78 1
130 116 1
164 36 1
83 76 1
103 49 1
231 124 1
214 28 1
197 60 1
180 100 1
69 97 1
95 198 1
112 150 1
148 60 1
131 28 1
136 81 1
87 57 1
72 185 1
198 100 1
181 52 1
146 118 1
55 80 1
89 215 1
117 92 1
121 25 1
232 116 1
89 64 1
95 190 1
154 121 1
112 62 1
148 84 1
204 89 1
169 73 1
78 141 1
170 89 1
89 175 1
87 65 1
112 141 1
220 121 1
55 56 1
61 220 1
106 112 1
89 216 1
72 160 1
166 116 1
149 36 1
132 44 1
89 73 1
200 68 1
71 41 1
182 84 1
238 49 1
169 33 1
78 101 1
105 73 1
233 28 1
216 68 1
55 128 1
112 53 1
78 148 1
61 100 1
133 92 1
138 105 1
123 96 1
89 176 1
112 132 1
55 49 1
166 28 1
183 124 1
187 121 1
188 105 1
153 57 1
61 213 1
89 33 1
72 167 1
199 92 1
238 73 1
203 25 1
233 116 1
95 172 1
78 108 1
133 52 1
137 49 1
123 136 1
201 44 1
112 44 1
55 153 1
184 116 1
222 33 1
240 113 1
61 125 1
123 121 1
89 185 1
234 44 1
151 108 1
156 25 1
84 49 1
185 68 1
96 52 1
167 108 1
206 57 1
171 105 1
172 121 1
201 68 1
240 25 1
221 25 1
95 149 1
123 129 1
140 33 1
68 73 1
237 121 1
61 118 1
134 84 1
190 49 1
118 73 1
79 28 1
62 124 1
219 92 1
202 60 1
168 100 1
96 92 1
205 33 1
235 60 1
63 84 1
174 41 1
139 121 1
140 73 1
68 33 1
114 108 1
97 44 1
78 126 1
61 30 1
189 73 1
80 36 1
155 89 1
79 116 1
236 100 1
219 36 1
129 220 1
239 41 1
205 73 1
123 119 1
86 121 1
81 84 1
120 89 1
102 25 1
146 85 1
242 33 1
223 65 1
208 81 1
140 64 1
129 164 1
123 159 1
129 213 1
98 28 1
81 60 1
173 25 1
101 49 1
67 97 1
146 61 1
223 57 1
106 95 1
70 105 1
146 76 1
99 116 1
65 36 1
85 41 1
140 127 1
129 189 1
115 84 1
225 97 1
207 49 1
241 97 1
152 121 1
66 76 1
106 55 1
146 52 1
116 108 1
82 76 1
157 105 1
85 65 1
72 89 1
146 214 1
129 182 1
130 60 1
147 28 1
164 124 1
122 41 1
103 121 1
106 175 1
214 68 1
88 121 1
180 92 1
69 57 1
119 89 1
131 84 1
136 105 1
106 65 1
181 108 1
146 190 1
129 30 1
186 89 1
100 124 1
232 76 1
231 44 1
197 108 1
72 64 1
112 70 1
204 97 1
78 197 1
106 57 1
215 52 1
146 38 1
55 96 1
220 33 1
112 213 1
117 108 1
121 105 1
232 36 1
106 72 1
95 110 1
149 92 1
135 89 1
72 71 1
182 28 1
165 124 1
169 121 1
78 93 1
106 145 1
216 60 1
215 92 1
112 125 1
55 200 1
78 204 1
61 172 1
138 33 1
123 40 1
106 32 1
72 144 1
55 121 1
112 204 1
166 36 1
132 92 1
89 25 1
217 76 1
200 52 1
199 36 1
182 100 1
71 89 1
203 33 1
78 53 1
105 121 1
233 76 1
78 164 1
61 52 1
137 73 1
138 89 1
123 176 1
106 152 1
55 193 1
112 116 1
184 44 1
187 73 1
61 165 1
153 73 1
123 33 1
234 100 1
72 151 1
217 36 1
203 73 1
156 65 1
84 105 1
185 124 1
95 92 1
78 60 1
206 113 1
150 84 1
172 65 1
167 52 1
123 216 1
201 28 1
112 28 1
55 169 1
184 68 1
221 65 1
222 81 1
240 33 1
61 77 1
123 73 1
237 65 1
151 60 1
134 28 1
61 190 1
62 52 1
156 41 1
55 79 1
202 116 1
168 60 1
95 52 1
167 92 1
171 25 1
218 84 1
221 41 1
95 69 1
63 108 1
174 97 1
123 209 1
68 121 1
97 84 1
78 182 1
61 70 1
189 113 1
118 25 1
190 97 1
79 44 1
219 108 1
55 215 1
113 116 1
239 97 1
224 81 1
123 63 1
235 108 1
95 61 1
64 116 1
102 33 1
139 41 1
140 185 1
146 157 1
114 92 1
242 105 1
80 84 1
208 25 1
189 25 1
155 105 1
55 191 1
123 71 1
86 73 1
120 41 1
173 97 1
101 73 1
67 57 1
102 73 1
223 113 1
140 176 1
146 148 1
129 116 1
104 65 1
98 108 1
241 41 1
140 216 1
70 25 1
146 124 1
99 36 1
65 116 1
191 65 1
104 57 1
157 81 1
140 175 1
85 121 1
129 77 1
115 100 1
225 49 1
207 65 1
147 84 1
241 81 1
83 60 1
66 28 1
122 97 1
88 49 1
163 116 1
116 60 1
82 124 1
140 215 1
136 33 1
89 71 1
146 134 1
129 70 1
164 44 1
130 76 1
100 52 1
83 84 1
103 41 1
231 116 1
69 105 1
197 36 1
180 108 1
95 206 1
119 105 1
112 142 1
136 89 1
106 113 1
87 49 1
72 161 1
198 92 1
181 60 1
146 110 1
129 46 1
89 223 1
117 36 1
121 33 1
232 124 1
231 28 1
89 72 1
72 48 1
95 166 1
154 65 1
112 54 1
165 52 1
148 92 1
204 81 1
78 149 1
170 65 1
89 183 1
87 89 1
112 133 1
220 113 1
55 48 1
61 212 1
106 120 1
89 32 1
72 168 1
166 108 1
149 44 1
95 30 1
89 81 1
72 55 1
200 76 1
71 33 1
182 44 1
238 57 1
169 41 1
78 109 1
105 49 1
216 76 1
55 152 1
112 45 1
78 156 1
61 124 1
133 68 1
123 120 1
106 208 1
89 184 1
112 188 1
183 116 1
187 113 1
188 97 1
89 41 1
72 175 1
217 28 1
199 84 1
238 81 1
233 124 1
95 148 1
78 116 1
133 60 1
150 28 1
137 57 1
123 128 1
184 124 1
112 36 1
55 145 1
222 41 1
187 25 1
240 105 1
61 117 1
123 113 1
89 129 1
151 100 1
84 57 1
185 76 1
167 100 1
171 97 1
172 113 1
201 76 1
95 157 1
61 29 1
123 153 1
237 113 1
61 142 1
134 76 1
190 57 1
118 65 1
62 100 1
219 84 1
55 31 1
202 36 1
168 108 1
224 25 1
96 84 1
113 60 1
235 52 1
218 100 1
95 117 1
63 92 1
174 49 1
139 113 1
140 65 1
68 41 1
114 100 1
97 36 1
78 70 1
80 28 1
189 65 1
118 41 1
190 81 1
155 81 1
79 124 1
236 92 1
219 60 1
129 212 1
239 49 1
205 65 1
86 113 1
81 76 1
120 97 1
139 25 1
146 77 1
242 89 1
223 73 1
208 73 1
140 120 1
146 220 1
129 188 1
123 151 1
86 25 1
81 52 1
101 57 1
67 105 1
146 53 1
223 33 1
106 71 1
70 97 1
146 68 1
99 124 1
65 60 1
104 113 1
157 25 1
140 119 1
85 49 1
129 181 1
115 92 1
225 121 1
207 57 1
241 25 1
152 65 1
66 68 1
106 63 1
146 44 1
116 116 1
82 68 1
191 49 1
157 97 1
140 159 1
85 73 1
129 29 1
72 65 1
146 206 1
129 142 1
164 100 1
130 52 1
147 36 1
66 44 1
122 49 1
103 113 1
106 151 1
214 92 1
88 65 1
180 36 1
69 33 1
119 81 1
112 214 1
131 92 1
106 73 1
181 116 1
146 182 1
164 28 1
186 97 1
117 28 1
100 100 1
103 25 1
231 36 1
197 84 1
72 72 1
112 126 1
131 52 1
170 25 1
78 205 1
106 33 1
72 145 1
146 30 1
55 120 1
220 57 1
112 205 1
117 116 1
121 113 1
232 44 1
95 86 1
149 100 1
135 81 1
72 79 1
165 100 1
169 97 1
78 165 1
170 113 1
106 153 1
215 84 1
112 117 1
55 192 1
78 212 1
61 164 1
138 41 1
123 32 1
106 40 1
72 152 1
55 113 1
112 196 1
166 92 1
132 68 1
188 41 1
135 57 1
89 97 1
217 84 1
200 60 1
199 28 1
182 124 1
71 81 1
78 61 1
105 97 1
233 52 1
55 168 1
112 29 1
78 172 1
61 76 1
133 116 1
137 113 1
138 65 1
123 72 1
106 128 1
112 108 1
184 52 1
55 217 1
187 65 1
153 81 1
61 189 1
123 57 1
234 108 1
72 159 1
217 44 1
203 65 1
156 89 1
84 113 1
95 68 1
167 44 1
206 121 1
150 108 1
172 57 1
123 208 1
55 161 1
184 76 1
221 89 1
222 89 1
240 89 1
95 213 1
61 69 1
123 65 1
237 57 1
151 52 1
61 182 1
62 60 1
156 33 1
55 71 1
202 124 1
168 36 1
95 60 1
167 84 1
185 28 1
96 28 1
218 92 1
221 33 1
95 77 1
174 105 1
68 97 1
97 108 1
78 190 1
61 94 1
134 124 1
190 105 1
155 25 1
79 52 1
62 84 1
219 100 1
55 47 1
113 108 1
239 105 1
224 105 1
123 55 1
235 100 1
95 37 1
64 76 1
139 33 1
140 177 1
146 149 1
114 84 1
242 97 1
80 76 1
155 97 1
55 183 1
123 95 1
86 65 1
81 124 1
120 49 1
173 89 1
101 113 1
67 33 1
140 217 1
102 65 1
146 125 1
223 121 1
208 121 1
140 168 1
146 140 1
129 76 1
104 73 1
140 63 1
98 100 1
241 33 1
140 208 1
106 119 1
146 116 1
99 44 1
65 76 1
191 73 1
104 33 1
157 41 1
140 167 1
129 69 1
115 108 1
225 73 1
207 73 1
147 92 1
241 73 1
122 105 1
88 57 1
180 28 1
163 124 1
82 116 1
119 25 1
140 207 1
129 45 1
136 41 1
89 79 1
72 49 1
164 84 1
129 94 1
130 68 1
186 25 1
100 60 1
83 92 1
103 33 1
231 108 1
214 44 1
197 44 1
180 116 1
69 81 1
119 97 1
112 134 1
136 65 1
106 121 1
89 39 1
72 169 1
198 84 1
146 102 1
129 38 1
117 44 1
100 84 1
121 41 1
232 100 1
89 80 1
72 56 1
95 174 1
154 73 1
112 46 1
165 60 1
148 100 1
204 73 1
78 157 1
170 73 1
106 209 1
89 191 1
215 28 1
198 60 1
87 81 1
112 189 1
220 73 1
121 65 1
106 96 1
89 40 1
72 208 1
166 100 1
149 52 1
132 28 1
154 33 1
89 89 1
72 63 1
200 116 1
71 25 1
182 36 1
165 84 1
78 117 1
105 57 1
216 84 1
55 144 1
112 37 1
61 116 1
133 76 1
138 25 1
123 112 1
106 216 1
89 128 1
112 180 1
183 76 1
132 116 1
188 121 1
89 49 1
217 100 1
72 215 1
199 76 1
238 89 1
233 100 1
95 156 1
78 124 1
61 28 1
133 36 1
137 33 1
123 152 1
106 176 1
112 92 1
240 97 1
61 141 1
153 97 1
89 137 1
234 28 1
151 124 1
156 105 1
84 65 1
185 84 1
95 116 1
167 28 1
171 89 1
172 105 1
201 116 1
221 105 1
95 133 1
123 145 1
237 105 1
61 134 1
134 68 1
190 33 1
118 89 1
62 108 1
202 44 1
113 52 1
168 84 1
96 108 1
235 44 1
218 108 1
95 125 1
63 68 1
174 57 1
139 105 1
140 121 1
97 60 1
78 78 1
61 46 1
189 89 1
118 33 1
155 41 1
190 89 1
79 68 1
236 84 1
219 52 1
113 92 1
239 57 1
205 121 1
81 68 1
64 28 1
120 105 1
146 69 1
242 81 1
78 38 1
208 65 1
80 124 1
140 112 1
236 60 1
146 212 1
129 180 1
123 175 1
98 44 1
81 44 1
101 33 1
67 81 1
146 45 1
223 41 1
140 152 1
106 79 1
70 89 1
146 188 1
129 28 1
99 100 1
65 52 1
104 121 1
85 57 1
140 111 1
129 141 1
115 36 1
225 113 1
152 73 1
66 92 1
106 39 1
163 52 1
146 36 1
116 124 1
99 28 1
82 60 1
191 57 1
157 121 1
140 151 1
85 81 1
225 25 1
72 73 1
146 198 1
129 134 1
147 44 1
164 108 1
152 33 1
66 36 1
122 57 1
103 105 1
106 159 1
214 84 1
88 73 1
180 44 1
69 41 1
119 41 1
112 206 1
131 68 1
136 25 1
89 31 1
181 124 1
146 174 1
129 110 1
186 105 1
100 108 1
231 92 1
197 92 1
72 112 1
112 118 1
148 28 1
131 60 1
78 213 1
106 41 1
87 25 1
72 153 1
55 112 1
112 197 1
220 49 1
117 124 1
121 121 1
89 96 1
95 94 1
149 108 1
154 25 1
135 73 1
72 119 1
112 30 1
165 108 1
204 57 1
169 105 1
170 121 1
78 173 1
106 129 1
215 108 1
112 109 1
55 216 1
78 220 1
61 188 1
123 56 1
72 128 1
55 73 1
166 84 1
95 54 1
132 76 1
188 33 1
135 49 1
89 105 1
217 92 1
200 36 1
71 73 1
182 116 1
105 105 1
233 60 1
216 100 1
55 160 1
95 212 1
78 180 1
61 68 1
133 124 1
137 121 1
138 73 1
123 64 1
106 136 1
112 100 1
183 28 1
184 60 1
55 209 1
187 89 1
188 73 1
153 89 1
61 181 1
123 49 1
89 193 1
72 135 1
217 52 1
199 124 1
234 84 1
203 121 1
156 81 1
84 121 1
95 76 1
150 100 1
206 65 1
167 36 1
172 49 1
55 185 1
184 84 1
221 81 1
222 65 1
240 81 1
61 93 1
123 89 1
237 49 1
151 76 1
61 206 1
62 36 1
156 57 1
55 95 1
185 36 1
168 44 1
95 36 1
167 76 1
202 100 1
218 36 1
221 57 1
95 181 1
174 113 1
68 105 1
97 100 1
78 134 1
61 86 1
134 116 1
118 105 1
79 60 1
62 92 1
219 124 1
55 39 1
202 28 1
239 113 1
224 97 1
113 100 1
235 92 1
95 45 1
64 68 1
63 52 1
139 89 1
140 169 1
146 141 1
114 76 1
78 30 1
80 68 1
189 41 1
155 121 1
140 56 1
55 143 1
123 87 1
86 89 1
81 116 1
64 44 1
120 57 1
173 81 1
101 121 1
67 41 1
140 209 1
102 121 1
146 117 1
223 97 1
208 113 1
140 160 1
146 132 1
129 68 1
140 55 1
115 28 1
98 124 1
173 57 1
140 200 1
106 127 1
146 108 1
129 44 1
99 84 1
65 68 1
191 113 1
104 41 1
157 33 1
140 95 1
129 93 1
115 116 1
225 65 1
207 81 1
129 206 1
147 100 1
241 65 1
152 25 1
66 108 1
122 113 1
106 215 1
163 100 1
82 108 1
140 199 1
129 37 1
89 87 1
72 57 1
164 92 1
129 86 1
130 92 1
186 33 1
100 36 1
83 100 1
103 89 1
231 100 1
214 36 1
69 89 1
180 124 1
119 121 1
112 190 1
131 116 1
136 73 1
106 97 1
89 47 1
72 209 1
198 76 1
146 94 1
129 62 1
117 52 1
100 92 1
121 49 1
232 108 1
89 88 1
72 32 1
95 150 1
154 81 1
112 38 1
165 36 1
148 108 1
204 65 1
170 49 1
106 217 1
89 135 1
87 105 1
198 52 1
112 181 1
220 65 1
121 73 1
106 104 1
89 48 1
72 216 1
149 60 1
154 41 1
135 121 1
72 39 1
200 124 1
182 60 1
165 92 1
169 25 1
78 125 1
105 33 1
106 177 1
216 92 1
112 93 1
61 140 1
106 192 1
89 136 1
112 172 1
183 68 1
132 124 1
188 113 1
89 57 1
217 108 1
71 121 1
199 68 1
72 223 1
238 97 1
233 108 1
95 132 1
150 44 1
78 68 1
133 44 1
137 41 1
123 144 1
106 184 1
112 84 1
183 44 1
222 25 1
187 41 1
61 133 1
153 105 1
89 145 1
151 116 1
156 97 1
84 73 1
185 92 1
95 124 1
171 81 1
172 97 1
218 28 1
201 124 1
221 97 1
222 113 1
95 141 1
61 45 1
123 169 1
237 97 1
61 158 1
151 28 1
118 81 1
134 60 1
190 41 1
55 111 1
202 84 1
168 92 1
224 41 1
96 100 1
113 44 1
171 57 1

22 85 0
50 10 0
22 23 0
22 13 0
22 54 0
81 10 0
99 10 0
22 79 0
22 37 0
66 10 0
79 10 0
84 10 0
22 103 0
22 93 0
97 10 0
115 10 0
118 10 0
22 31 0
82 10 0
22 62 0
100 10 0
22 55 0
22 45 0
22 86 0
113 10 0
22 69 0
98 10 0
22 14 0
116 10 0
32 10 0
22 38 0
22 63 0
22 21 0
114 10 0
22 94 0
22 87 0
48 10 0
22 77 0
101 10 0
28 10 0
22 15 0
22 101 0
22 46 0
30 10 0
22 39 0
64 10 0
22 29 0
117 10 0
33 10 0
22 70 0
22 95 0
31 10 0
22 53 0
46 10 0
80 10 0
22 109 0
22 22 0
49 10 0
67 10 0
22 47 0
29 10 0
47 10 0
22 78 0
62 10 0
22 71 0
96 10 0
22 61 0
22 102 0
65 10 0
83 10 0
45 10 0
63 10 0
22 30 0

50 34 0
107 31 0
90 63 0
118 82 0
101 58 0
73 31 0
90 103 0
84 90 0
39 111 0
124 55 0
67 74 0
33 50 0
50 50 0
33 106 0
107 47 0
101 98 0
50 74 0
90 47 0
118 66 0
73 111 0
118 58 0
39 39 0
56 111 0
84 74 0
124 39 0
67 90 0
33 34 0
33 90 0
107 63 0
101 114 0
50 90 0
90 95 0
118 114 0
101 26 0
56 55 0
118 42 0
39 55 0
56 95 0
84 58 0
39 79 0
124 23 0
67 106 0
33 18 0
50 18 0
33 74 0
107 79 0
101 66 0
73 39 0
90 79 0
118 98 0
56 39 0
73 79 0
56 79 0
84 42 0
67 18 0
124 111 0
39 95 0
50 98 0
90 23 0
107 95 0
101 82 0
73 55 0
118 18 0
56 23 0
73 95 0
84 114 0
39 23 0
84 26 0
124 95 0
67 34 0
33 114 0
107 23 0
50 114 0
107 111 0
101 34 0
90 111 0
84 98 0
39 103 0
67 50 0
124 79 0
50 42 0
33 98 0
107 39 0
101 106 0
50 66 0
90 55 0
118 90 0
101 50 0
73 23 0
118 50 0
84 82 0
124 63 0
67 66 0
33 58 0
50 58 0
33 82 0
107 55 0
50 82 0
90 39 0
118 74 0
56 63 0
73 103 0
118 34 0
39 47 0
56 103 0
84 66 0
39 71 0
124 47 0
67 82 0
33 42 0
33 66 0
107 71 0
101 74 0
73 47 0
90 87 0
101 18 0
56 47 0
39 63 0
56 87 0
84 50 0
124 103 0
67 26 0
39 87 0
124 31 0
67 98 0
33 26 0
50 26 0
90 31 0
107 87 0
101 90 0
73 63 0
90 71 0
118 106 0
56 31 0
73 71 0
39 15 0
56 71 0
84 34 0
67 42 0
124 87 0
124 15 0
67 114 0
107 15 0
50 106 0
90 15 0
107 103 0
101 42 0
73 15 0
118 26 0
56 15 0
73 87 0
84 106 0
39 31 0
84 18 0
124 71 0
67 58 0

