139 16 1
127 18 1
74 106 1
57 50 1
129 26 1
39 70 1
95 101 1
40 22 1
63 76 1
65 50 1
33 41 1
34 153 1
90 42 1
73 82 1
124 110 1
58 19 1
130 59 1
97 52 1
78 86 1
79 76 1
44 34 1
61 38 1
73 35 1
56 101 1
36 177 1
113 84 1
112 66 1
41 74 1
38 149 1
128 77 1
81 35 1
94 54 1
66 66 1
49 58 1
52 17 1
198 16 1
37 158 1
64 20 1
82 66 1
107 86 1
127 27 1
129 19 1
38 119 1
114 60 1
95 98 1
40 29 1
78 46 1
117 17 1
57 59 1
157 16 1
124 101 1
34 144 1
90 53 1
73 91 1
36 41 1
130 50 1
58 26 1
41 34 1
66 42 1
73 36 1
56 108 1
128 68 1
111 19 1
148 15 1
37 54 1
42 67 1
98 36 1
81 36 1
36 184 1
49 51 1
35 96 1
126 35 1
37 135 1
38 31 1
96 114 1
59 102 1
223 17 1
64 107 1
129 20 1
38 110 1
39 116 1
95 107 1
57 60 1
80 107 1
117 26 1
75 102 1
63 114 1
48 68 1
99 108 1
68 15 1
125 106 1
90 60 1
73 92 1
36 80 1
110 59 1
58 37 1
41 43 1
115 44 1
98 76 1
79 82 1
35 152 1
73 45 1
36 167 1
37 63 1
38 135 1
128 91 1
56 115 1
42 74 1
76 78 1
120 16 1
66 84 1
49 52 1
126 42 1
35 105 1
74 52 1
37 128 1
38 22 1
185 15 1
92 78 1
91 68 1
109 18 1
116 68 1
64 98 1
82 52 1
117 114 1
107 68 1
110 83 1
129 109 1
38 97 1
39 109 1
57 69 1
80 98 1
225 17 1
103 16 1
125 99 1
73 69 1
36 95 1
37 87 1
93 26 1
58 44 1
41 44 1
79 91 1
83 28 1
66 60 1
105 15 1
69 17 1
33 173 1
35 129 1
108 108 1
36 174 1
91 44 1
37 56 1
94 43 1
38 190 1
42 53 1
34 21 1
128 82 1
76 69 1
35 110 1
126 45 1
92 69 1
37 137 1
40 99 1
185 16 1
77 34 1
59 116 1
131 76 1
116 67 1
91 93 1
63 19 1
107 61 1
127 54 1
110 90 1
75 20 1
58 68 1
130 108 1
129 102 1
39 106 1
57 78 1
100 20 1
48 114 1
124 114 1
34 189 1
33 53 1
73 78 1
36 70 1
37 80 1
93 19 1
41 21 1
115 58 1
61 74 1
133 114 1
33 166 1
35 134 1
108 107 1
109 115 1
37 33 1
38 177 1
94 18 1
77 74 1
59 28 1
42 60 1
131 36 1
134 19 1
62 59 1
81 15 1
111 46 1
106 17 1
87 17 1
126 84 1
35 23 1
92 92 1
91 82 1
40 106 1
74 38 1
116 74 1
117 68 1
99 50 1
33 93 1
124 26 1
72 16 1
107 50 1
90 102 1
110 93 1
39 99 1
95 70 1
43 100 1
44 110 1
100 19 1
46 51 1
33 206 1
36 77 1
37 89 1
93 108 1
58 62 1
41 30 1
112 22 1
61 67 1
62 83 1
83 42 1
47 16 1
33 191 1
34 39 1
35 143 1
91 58 1
109 108 1
108 98 1
38 168 1
112 101 1
77 67 1
59 21 1
94 21 1
116 34 1
62 34 1
45 26 1
92 91 1
95 62 1
132 52 1
99 59 1
136 15 1
33 86 1
107 43 1
127 36 1
110 100 1
58 86 1
114 91 1
43 93 1
44 101 1
100 26 1
137 16 1
46 58 1
83 66 1
33 199 1
34 207 1
93 101 1
130 17 1
97 98 1
133 100 1
62 90 1
61 92 1
83 51 1
134 114 1
33 176 1
34 62 1
109 101 1
91 51 1
111 60 1
94 28 1
59 42 1
42 46 1
76 114 1
131 18 1
113 98 1
45 19 1
126 70 1
127 92 1
92 82 1
132 51 1
33 111 1
127 45 1
75 59 1
114 82 1
78 20 1
43 82 1
44 92 1
83 75 1
34 198 1
90 27 1
76 26 1
94 116 1
115 17 1
98 107 1
61 85 1
155 16 1
34 57 1
35 189 1
109 94 1
56 22 1
128 62 1
113 27 1
111 69 1
131 27 1
59 35 1
81 114 1
62 44 1
127 69 1
74 83 1
37 173 1
38 53 1
96 44 1
95 44 1
132 58 1
43 58 1
82 19 1
33 96 1
90 115 1
127 42 1
129 66 1
57 106 1
43 75 1
44 91 1
46 68 1
34 193 1
35 213 1
73 106 1
112 59 1
165 15 1
98 98 1
61 110 1
62 68 1
134 108 1
66 27 1
34 48 1
56 29 1
37 197 1
113 28 1
111 66 1
128 53 1
77 110 1
36 201 1
81 107 1
49 66 1
127 66 1
74 90 1
129 42 1
40 70 1
96 35 1
95 21 1
43 51 1
64 92 1
63 60 1
65 66 1
174 17 1
85 15 1
33 121 1
124 62 1
107 30 1
129 91 1
58 99 1
114 68 1
130 75 1
80 60 1
78 102 1
44 82 1
57 115 1
73 19 1
36 97 1
112 50 1
37 125 1
94 102 1
101 16 1
66 18 1
47 52 1
108 70 1
56 36 1
202 15 1
111 75 1
96 75 1
37 206 1
42 27 1
81 108 1
64 36 1
82 114 1
67 17 1
35 56 1
127 75 1
74 69 1
129 35 1
38 39 1
96 58 1
95 18 1
40 77 1
64 83 1
65 91 1
124 53 1
90 69 1
36 25 1
75 46 1
130 66 1
39 60 1
129 92 1
80 51 1
58 106 1
57 116 1
122 15 1
47 76 1
125 18 1
108 46 1
73 20 1
36 104 1
37 102 1
41 99 1
42 115 1
35 80 1
126 19 1
56 43 1
38 207 1
166 16 1
59 54 1
96 66 1
64 59 1
119 16 1
35 33 1
126 98 1
92 54 1
129 36 1
38 94 1
40 52 1
95 27 1
74 76 1
75 86 1
117 42 1
99 92 1
63 34 1
65 92 1
104 17 1
85 17 1
124 76 1
90 76 1
129 85 1
39 53 1
80 42 1
79 98 1
125 43 1
35 200 1
108 37 1
36 151 1
37 111 1
93 66 1
73 29 1
41 100 1
128 107 1
98 15 1
79 19 1
56 67 1
76 62 1
66 100 1
47 58 1
34 93 1
35 89 1
109 66 1
91 20 1
128 26 1
126 26 1
38 198 1
56 50 1
116 20 1
82 100 1
64 50 1
191 17 1
107 116 1
35 38 1
126 101 1
129 61 1
38 81 1
39 93 1
40 59 1
57 21 1
60 38 1
117 51 1
43 38 1
63 43 1
124 75 1
110 18 1
93 42 1
130 84 1
39 50 1
79 107 1
100 44 1
83 108 1
48 58 1
47 82 1
122 17 1
125 36 1
108 28 1
36 158 1
37 104 1
93 91 1
94 91 1
128 98 1
42 101 1
41 109 1
61 114 1
76 53 1
56 74 1
133 74 1
88 16 1
35 94 1
126 29 1
109 59 1
91 109 1
111 102 1
77 18 1
59 68 1
116 19 1
153 15 1
60 78 1
107 109 1
35 47 1
126 108 1
127 102 1
75 68 1
38 72 1
40 34 1
129 54 1
60 61 1
57 30 1
117 60 1
100 68 1
39 90 1
99 74 1
124 66 1
34 141 1
125 76 1
71 16 1
36 54 1
110 21 1
93 35 1
90 94 1
39 43 1
115 74 1
78 66 1
61 26 1
44 54 1
100 43 1
133 34 1
46 107 1
47 91 1
125 61 1
108 27 1
36 133 1
112 94 1
93 84 1
76 44 1
94 66 1
42 108 1
41 86 1
62 107 1
134 67 1
34 111 1
35 71 1
109 52 1
92 108 1
91 98 1
74 22 1
59 93 1
60 69 1
116 26 1
153 16 1
45 98 1
107 98 1
39 83 1
114 16 1
60 52 1
43 20 1
206 15 1
100 67 1
33 30 1
125 69 1
36 61 1
110 28 1
93 60 1
114 99 1
115 83 1
78 69 1
61 19 1
44 45 1
133 43 1
46 114 1
33 143 1
125 54 1
108 18 1
112 85 1
38 152 1
76 43 1
94 69 1
62 18 1
134 58 1
49 15 1
34 102 1
109 45 1
92 107 1
55 17 1
113 42 1
111 116 1
131 106 1
132 100 1
60 92 1
59 82 1
45 91 1
107 91 1
127 20 1
92 26 1
75 114 1
60 51 1
100 74 1
33 23 1
34 159 1
125 94 1
182 15 1
93 53 1
97 50 1
78 76 1
61 44 1
44 36 1
133 20 1
33 128 1
112 76 1
113 82 1
76 34 1
94 76 1
42 94 1
98 19 1
34 97 1
35 117 1
109 38 1
126 54 1
92 98 1
113 35 1
131 83 1
132 99 1
59 107 1
99 16 1
60 91 1
45 84 1
77 61 1
102 15 1
127 29 1
74 107 1
75 107 1
38 125 1
95 100 1
78 36 1
33 40 1
34 150 1
90 43 1
110 46 1
97 75 1
61 37 1
44 35 1
33 153 1
73 34 1
56 102 1
112 67 1
111 21 1
113 75 1
219 15 1
128 78 1
98 42 1
81 34 1
62 28 1
45 60 1
134 52 1
66 67 1
34 120 1
198 17 1
37 157 1
113 36 1
77 54 1
132 106 1
60 82 1
82 67 1
127 26 1
110 70 1
57 58 1
164 16 1
129 18 1
95 109 1
40 30 1
117 16 1
46 20 1
33 33 1
34 145 1
90 50 1
73 90 1
124 102 1
73 94 1
58 27 1
130 51 1
97 76 1
78 94 1
79 84 1
44 26 1
61 62 1
83 17 1
66 43 1
73 43 1
56 109 1
37 53 1
111 18 1
113 76 1
38 141 1
128 69 1
36 185 1
81 27 1
77 94 1
94 62 1
66 90 1
49 50 1
91 78 1
37 134 1
223 16 1
82 58 1
64 108 1
33 73 1
107 78 1
129 107 1
38 111 1
57 67 1
95 106 1
80 108 1
114 52 1
78 54 1
34 168 1
90 61 1
73 67 1
36 81 1
182 16 1
58 34 1
41 42 1
133 15 1
66 34 1
73 44 1
56 116 1
36 160 1
111 27 1
37 62 1
128 92 1
42 75 1
98 60 1
81 28 1
120 17 1
49 43 1
91 61 1
35 104 1
126 43 1
74 53 1
37 143 1
38 23 1
64 99 1
65 107 1
53 15 1
129 108 1
38 102 1
39 108 1
95 83 1
80 99 1
57 68 1
75 30 1
225 16 1
124 116 1
125 98 1
73 68 1
36 88 1
37 86 1
58 45 1
41 19 1
115 52 1
98 68 1
79 90 1
207 17 1
69 16 1
35 128 1
108 109 1
36 175 1
128 83 1
38 191 1
37 39 1
76 70 1
42 50 1
170 15 1
49 44 1
126 82 1
91 92 1
92 70 1
37 136 1
40 100 1
74 60 1
116 76 1
82 44 1
63 18 1
65 108 1
124 28 1
107 60 1
110 91 1
129 101 1
58 69 1
39 101 1
57 77 1
80 90 1
43 110 1
63 99 1
124 115 1
73 77 1
36 71 1
37 95 1
93 18 1
58 52 1
130 28 1
41 20 1
79 35 1
83 36 1
66 52 1
33 165 1
34 45 1
108 100 1
35 137 1
128 42 1
109 114 1
38 182 1
94 19 1
91 36 1
42 61 1
116 36 1
37 32 1
134 16 1
87 16 1
126 85 1
35 22 1
92 93 1
37 177 1
40 107 1
91 85 1
223 15 1
116 75 1
117 67 1
63 27 1
124 27 1
107 53 1
72 17 1
53 17 1
127 62 1
110 98 1
57 86 1
58 76 1
130 100 1
39 98 1
100 28 1
48 106 1
33 205 1
34 181 1
125 116 1
90 22 1
36 78 1
37 88 1
93 107 1
41 29 1
61 66 1
66 15 1
47 19 1
33 190 1
108 99 1
35 142 1
109 107 1
37 41 1
38 169 1
94 26 1
77 66 1
59 20 1
42 36 1
116 35 1
62 35 1
131 44 1
112 102 1
91 77 1
76 116 1
35 31 1
126 92 1
127 86 1
92 84 1
38 56 1
40 82 1
74 46 1
116 82 1
117 76 1
99 58 1
33 85 1
124 18 1
107 42 1
90 110 1
199 15 1
110 101 1
39 27 1
95 78 1
78 18 1
43 92 1
44 102 1
100 27 1
46 59 1
33 198 1
36 117 1
37 65 1
93 100 1
76 28 1
94 114 1
133 99 1
62 91 1
61 91 1
83 50 1
33 183 1
34 63 1
35 183 1
109 100 1
91 50 1
108 90 1
38 160 1
94 29 1
59 45 1
76 115 1
116 42 1
62 42 1
45 18 1
119 15 1
92 83 1
95 38 1
132 60 1
99 35 1
33 110 1
107 35 1
127 44 1
110 108 1
75 58 1
58 94 1
114 83 1
115 99 1
78 21 1
43 85 1
44 93 1
83 74 1
46 66 1
34 199 1
76 27 1
115 16 1
61 84 1
62 66 1
133 108 1
83 59 1
134 106 1
34 54 1
109 93 1
111 68 1
113 26 1
59 34 1
42 22 1
131 26 1
76 106 1
77 116 1
126 78 1
127 68 1
92 42 1
132 59 1
43 61 1
82 16 1
174 15 1
33 103 1
75 51 1
114 74 1
78 28 1
43 74 1
44 84 1
83 83 1
112 60 1
76 18 1
98 99 1
61 109 1
34 49 1
35 165 1
109 86 1
56 30 1
128 54 1
113 19 1
111 77 1
59 59 1
77 109 1
81 106 1
127 77 1
74 91 1
75 91 1
38 45 1
96 36 1
95 20 1
132 34 1
43 50 1
60 26 1
33 120 1
129 90 1
57 114 1
97 27 1
150 15 1
43 67 1
44 83 1
94 38 1
46 76 1
73 18 1
112 51 1
61 102 1
134 100 1
62 76 1
66 19 1
34 72 1
56 37 1
37 205 1
111 74 1
113 20 1
96 76 1
38 213 1
77 102 1
81 99 1
67 16 1
70 15 1
127 74 1
74 66 1
129 34 1
40 78 1
96 59 1
95 29 1
43 43 1
64 84 1
63 36 1
65 90 1
33 113 1
124 54 1
90 66 1
107 22 1
129 83 1
58 107 1
130 67 1
97 28 1
80 52 1
79 100 1
44 74 1
78 110 1
73 27 1
36 105 1
112 42 1
37 101 1
94 110 1
41 98 1
187 15 1
66 106 1
47 60 1
91 30 1
56 44 1
111 83 1
166 17 1
96 67 1
81 100 1
64 60 1
82 106 1
126 99 1
35 32 1
74 77 1
129 59 1
38 95 1
96 50 1
95 26 1
132 16 1
127 115 1
57 19 1
40 53 1
65 83 1
85 16 1
124 77 1
90 77 1
129 84 1
130 90 1
39 52 1
58 114 1
80 43 1
75 38 1
47 84 1
51 17 1
125 42 1
108 38 1
73 28 1
56 68 1
36 144 1
37 110 1
128 108 1
41 107 1
79 18 1
49 27 1
126 27 1
35 88 1
128 27 1
56 51 1
38 199 1
96 90 1
59 78 1
224 15 1
64 51 1
191 16 1
35 41 1
126 106 1
74 116 1
129 60 1
38 86 1
39 92 1
40 60 1
75 78 1
57 20 1
99 68 1
117 50 1
65 84 1
63 42 1
36 197 1
124 68 1
90 84 1
110 19 1
39 45 1
115 68 1
150 16 1
79 106 1
80 34 1
48 59 1
125 35 1
108 29 1
36 159 1
128 99 1
93 90 1
37 23 1
41 108 1
42 98 1
56 75 1
79 27 1
76 54 1
49 28 1
88 17 1
34 85 1
35 65 1
109 58 1
56 58 1
91 108 1
128 18 1
116 28 1
82 92 1
107 108 1
35 46 1
126 109 1
129 53 1
38 73 1
39 85 1
40 35 1
57 29 1
60 62 1
43 30 1
117 59 1
63 83 1
124 67 1
125 75 1
36 55 1
110 26 1
93 34 1
130 44 1
39 42 1
78 67 1
48 50 1
47 90 1
125 60 1
108 20 1
36 134 1
56 82 1
93 83 1
94 67 1
41 85 1
42 109 1
76 45 1
138 15 1
35 70 1
109 51 1
92 109 1
91 101 1
111 110 1
59 92 1
131 100 1
116 27 1
60 70 1
107 101 1
127 110 1
92 28 1
74 102 1
38 64 1
114 17 1
39 82 1
60 53 1
40 42 1
99 114 1
100 76 1
57 38 1
48 90 1
33 29 1
34 133 1
125 68 1
124 90 1
36 62 1
110 29 1
93 59 1
90 38 1
39 35 1
115 82 1
78 74 1
80 16 1
61 18 1
133 42 1
44 46 1
47 99 1
33 142 1
125 53 1
108 19 1
36 141 1
37 25 1
38 153 1
94 74 1
76 36 1
42 84 1
41 94 1
112 86 1
62 19 1
134 59 1
34 103 1
35 79 1
109 44 1
92 100 1
55 16 1
74 30 1
59 85 1
60 93 1
116 98 1
45 90 1
191 15 1
107 90 1
92 27 1
39 75 1
78 34 1
100 75 1
33 22 1
125 93 1
36 37 1
110 36 1
93 52 1
58 22 1
41 54 1
115 91 1
78 77 1
133 19 1
44 37 1
61 43 1
105 17 1
33 135 1
112 77 1
38 144 1
76 35 1
94 77 1
98 16 1
62 26 1
134 50 1
34 126 1
109 37 1
92 99 1
91 115 1
113 34 1
77 60 1
60 84 1
131 82 1
99 19 1
59 106 1
45 83 1
132 108 1
107 83 1
127 28 1
92 18 1
75 106 1
167 15 1
78 37 1
100 114 1
46 18 1
33 47 1
34 151 1
125 86 1
204 16 1
97 74 1
78 84 1
61 36 1
44 28 1
133 28 1
33 152 1
112 68 1
113 74 1
76 90 1
111 20 1
42 70 1
94 52 1
98 43 1
45 59 1
123 17 1
87 15 1
34 121 1
35 125 1
109 30 1
126 62 1
59 99 1
60 83 1
131 91 1
132 107 1
77 53 1
45 76 1
111 54 1
164 17 1
75 99 1
38 117 1
114 58 1
95 108 1
78 44 1
33 32 1
34 174 1
90 51 1
110 54 1
204 15 1
97 67 1
61 61 1
44 27 1
83 16 1
33 145 1
35 149 1
73 42 1
56 110 1
128 70 1
111 29 1
113 67 1
131 51 1
77 93 1
98 34 1
81 26 1
134 44 1
45 52 1
66 91 1
34 112 1
37 133 1
38 29 1
77 46 1
60 106 1
132 82 1
82 59 1
50 16 1
33 72 1
110 78 1
129 106 1
57 66 1
95 85 1
43 115 1
46 28 1
33 57 1
34 169 1
90 58 1
73 66 1
182 17 1
58 35 1
97 68 1
98 74 1
61 54 1
44 18 1
79 92 1
66 35 1
34 24 1
36 161 1
112 114 1
113 68 1
148 16 1
37 61 1
111 26 1
38 133 1
81 19 1
128 93 1
62 15 1
77 86 1
66 82 1
49 42 1
91 70 1
74 50 1
37 142 1
64 100 1
65 106 1
63 20 1
82 50 1
33 65 1
107 70 1
129 99 1
38 103 1
114 44 1
95 82 1
80 100 1
57 75 1
78 62 1
65 27 1
34 160 1
73 75 1
36 89 1
112 26 1
37 85 1
58 42 1
41 18 1
207 16 1
66 58 1
108 110 1
91 46 1
128 84 1
36 168 1
111 35 1
37 38 1
42 51 1
98 52 1
81 20 1
49 35 1
126 83 1
74 61 1
37 183 1
40 101 1
99 15 1
65 99 1
124 29 1
129 100 1
130 106 1
39 100 1
95 91 1
58 66 1
80 91 1
75 22 1
57 76 1
63 98 1
65 28 1
73 76 1
36 64 1
37 94 1
58 53 1
41 27 1
115 60 1
98 92 1
79 34 1
155 15 1
216 15 1
35 136 1
108 101 1
128 43 1
37 47 1
38 183 1
59 30 1
42 58 1
134 17 1
49 36 1
126 90 1
35 25 1
92 94 1
37 176 1
91 84 1
40 108 1
95 51 1
74 36 1
116 84 1
99 52 1
82 36 1
65 100 1
63 26 1
64 114 1
117 66 1
124 20 1
107 52 1
90 100 1
53 16 1
199 17 1
110 99 1
57 85 1
58 77 1
39 29 1
80 82 1
43 102 1
63 107 1
48 107 1
125 115 1
36 79 1
37 71 1
93 106 1
58 60 1
130 20 1
41 28 1
79 43 1
83 44 1
47 18 1
33 189 1
34 37 1
35 177 1
108 92 1
128 34 1
91 60 1
38 174 1
94 27 1
37 40 1
42 37 1
116 44 1
109 106 1
35 30 1
126 93 1
92 85 1
37 185 1
40 83 1
96 16 1
38 57 1
116 83 1
117 75 1
124 19 1
107 45 1
127 38 1
110 106 1
57 94 1
58 84 1
39 26 1
78 19 1
83 68 1
48 98 1
33 197 1
34 205 1
90 30 1
36 118 1
37 64 1
93 99 1
94 115 1
76 29 1
61 90 1
133 98 1
47 27 1
33 182 1
108 91 1
109 99 1
35 182 1
202 16 1
38 161 1
76 108 1
59 44 1
42 44 1
131 20 1
116 43 1
62 43 1
45 17 1
111 62 1
126 68 1
127 94 1
92 44 1
74 86 1
38 48 1
40 90 1
116 90 1
99 34 1
117 84 1
121 17 1
33 109 1
124 42 1
107 34 1
110 109 1
75 61 1
39 19 1
115 98 1
78 26 1
43 84 1
44 94 1
46 67 1
36 125 1
37 73 1
76 20 1
115 19 1
61 83 1
134 107 1
133 107 1
62 67 1
83 58 1
34 55 1
35 191 1
108 82 1
109 92 1
76 107 1
59 37 1
77 115 1
116 50 1
92 43 1
220 16 1
95 46 1
60 28 1
43 60 1
99 43 1
82 17 1
132 36 1
33 102 1
107 27 1
36 21 1
110 116 1
75 50 1
58 102 1
114 75 1
115 107 1
78 29 1
43 77 1
44 85 1
221 15 1
83 82 1
46 74 1
48 16 1
125 30 1
108 58 1
112 61 1
76 19 1
97 114 1
133 84 1
61 108 1
62 74 1
134 98 1
34 78 1
109 85 1
91 37 1
111 76 1
113 18 1
77 108 1
42 30 1
59 58 1
76 98 1
35 53 1
127 76 1
92 34 1
75 90 1
60 27 1
43 53 1
132 35 1
33 127 1
75 43 1
114 66 1
97 26 1
78 100 1
43 66 1
44 76 1
83 91 1
112 52 1
93 78 1
94 100 1
79 15 1
61 101 1
66 16 1
34 73 1
35 173 1
109 78 1
56 38 1
111 85 1
59 51 1
77 101 1
81 98 1
74 67 1
75 83 1
38 37 1
96 60 1
95 28 1
60 18 1
43 42 1
132 42 1
135 15 1
33 112 1
90 67 1
129 82 1
39 62 1
97 19 1
44 75 1
172 16 1
46 84 1
35 197 1
73 26 1
112 43 1
98 114 1
79 20 1
134 92 1
66 107 1
34 64 1
56 45 1
55 15 1
111 82 1
96 68 1
38 205 1
77 30 1
116 15 1
81 91 1
82 107 1
49 114 1
127 114 1
74 74 1
129 58 1
57 18 1
96 51 1
40 54 1
132 17 1
43 35 1
63 44 1
65 82 1
124 78 1
90 74 1
58 115 1
130 91 1
97 20 1
80 44 1
79 108 1
44 66 1
172 15 1
51 16 1
56 69 1
36 145 1
112 34 1
37 109 1
128 109 1
41 106 1
94 86 1
66 98 1
49 26 1
91 22 1
56 52 1
128 28 1
111 91 1
96 91 1
81 92 1
82 98 1
64 52 1
49 107 1
35 40 1
126 107 1
57 27 1
38 87 1
114 28 1
129 51 1
40 61 1
65 43 1
124 69 1
90 85 1
130 82 1
39 44 1
150 17 1
80 35 1
48 60 1
47 92 1
125 34 1
108 30 1
56 76 1
36 152 1
128 100 1
37 22 1
41 83 1
42 99 1
79 26 1
49 19 1
215 17 1
35 64 1
128 19 1
56 59 1
96 82 1
59 70 1
49 108 1
200 16 1
129 52 1
38 78 1
39 84 1
75 70 1
40 36 1
57 28 1
99 76 1
117 58 1
65 44 1
63 82 1
124 92 1
125 74 1
90 92 1
36 48 1
110 27 1
147 15 1
39 37 1
115 76 1
80 26 1
79 114 1
48 51 1
125 59 1
108 21 1
36 135 1
56 83 1
37 31 1
93 82 1
41 84 1
42 106 1
76 46 1
49 20 1
34 109 1
35 73 1
91 100 1
109 50 1
92 110 1
74 20 1
116 100 1
82 84 1
67 15 1
107 100 1
92 29 1
57 37 1
38 65 1
39 77 1
40 43 1
60 54 1
43 22 1
63 91 1
48 91 1
124 91 1
125 67 1
218 16 1
36 63 1
110 34 1
93 58 1
130 36 1
39 34 1
80 17 1
78 75 1
48 42 1
47 98 1
33 141 1
125 52 1
73 54 1
36 142 1
184 15 1
38 158 1
128 114 1
94 75 1
42 85 1
41 93 1
37 24 1
62 16 1
76 37 1
35 78 1
109 43 1
92 101 1
59 84 1
131 108 1
116 99 1
60 94 1
107 93 1
127 22 1
92 20 1
75 116 1
38 120 1
40 18 1
167 17 1
78 35 1
74 110 1
57 46 1
39 74 1
48 82 1
104 15 1
124 82 1
34 157 1
125 92 1
33 21 1
36 38 1
110 37 1
93 51 1
90 46 1
41 53 1
115 90 1
78 82 1
61 42 1
44 38 1
133 18 1
47 107 1
105 16 1
33 134 1
36 181 1
112 78 1
38 145 1
94 50 1
41 70 1
42 92 1
98 17 1
76 92 1
62 27 1
134 51 1
34 127 1
35 119 1
126 52 1
91 114 1
109 36 1
77 59 1
59 109 1
116 106 1
117 100 1
64 16 1
60 85 1
45 82 1
99 18 1
107 82 1
92 19 1
75 109 1
39 67 1
95 102 1
78 42 1
99 99 1
46 19 1
33 46 1
125 85 1
128 30 1
36 45 1
110 44 1
58 30 1
204 17 1
115 35 1
78 85 1
61 35 1
44 29 1
80 15 1
41 62 1
133 27 1
33 159 1
112 69 1
38 136 1
76 91 1
94 53 1
170 16 1
134 42 1
45 58 1
123 16 1
34 118 1
109 29 1
91 75 1
77 52 1
132 84 1
60 108 1
131 90 1
59 98 1
45 75 1
99 27 1
107 75 1
89 17 1
110 68 1
75 98 1
114 59 1
78 45 1
46 26 1
33 39 1
34 175 1
125 110 1
97 66 1
78 92 1
61 60 1
44 20 1
83 19 1
33 144 1
34 30 1
111 28 1
94 60 1
77 92 1
42 78 1
98 35 1
113 66 1
76 82 1
45 51 1
131 50 1
34 113 1
35 101 1
109 22 1
92 114 1
126 38 1
131 67 1
132 83 1
188 16 1
60 107 1
77 45 1
45 68 1
50 17 1
33 79 1
75 27 1
38 109 1
114 50 1
95 84 1
78 52 1
43 114 1
189 15 1
33 56 1
34 166 1
90 59 1
110 62 1
93 30 1
97 91 1
98 75 1
61 53 1
44 19 1
33 169 1
34 25 1
35 157 1
128 94 1
112 115 1
111 37 1
148 17 1
131 59 1
77 85 1
98 58 1
81 18 1
134 36 1
45 44 1
66 83 1
74 51 1
37 141 1
38 21 1
77 38 1
132 90 1
60 98 1
82 51 1
33 64 1
110 86 1
57 74 1
129 98 1
39 110 1
95 93 1
43 107 1
63 100 1
65 26 1
46 36 1
33 49 1
34 161 1
73 74 1
112 27 1
58 43 1
97 92 1
98 66 1
79 36 1
61 78 1
66 59 1
47 15 1
36 169 1
112 106 1
111 34 1
37 37 1
38 189 1
128 85 1
77 78 1
94 46 1
49 34 1
91 94 1
74 58 1
37 182 1
40 102 1
95 53 1
82 42 1
63 28 1
65 98 1
33 89 1
124 30 1
107 62 1
127 51 1
164 15 1
57 83 1
58 67 1
130 107 1
95 90 1
114 36 1
80 92 1
44 114 1
65 19 1
140 16 1
34 184 1
73 115 1
36 65 1
112 18 1
37 93 1
58 50 1
130 26 1
41 26 1
66 50 1
47 20 1
216 16 1
108 102 1
91 38 1
128 44 1
37 46 1
111 43 1
42 59 1
84 15 1
49 91 1
126 91 1
35 24 1
74 37 1
37 191 1
40 109 1
96 26 1
95 50 1
124 21 1
90 101 1
199 16 1
57 84 1
58 74 1
39 28 1
95 67 1
80 83 1
130 98 1
63 106 1
65 20 1
48 108 1
140 15 1
125 114 1
90 20 1
73 116 1
36 72 1
201 15 1
37 70 1
58 61 1
165 17 1
98 84 1
79 42 1
35 176 1
108 93 1
128 35 1
38 175 1
59 22 1
42 34 1
49 92 1
126 66 1
74 44 1
37 184 1
38 62 1
96 17 1
95 59 1
92 86 1
40 84 1
99 60 1
64 74 1
116 92 1
121 15 1
117 74 1
82 28 1
124 44 1
107 44 1
90 108 1
110 107 1
57 93 1
58 85 1
39 21 1
80 74 1
43 94 1
48 99 1
36 119 1
37 79 1
93 98 1
76 30 1
79 51 1
83 52 1
47 26 1
33 181 1
34 61 1
35 185 1
108 84 1
128 58 1
202 17 1
38 166 1
91 52 1
183 17 1
42 45 1
36 198 1
109 98 1
116 52 1
45 16 1
76 109 1
126 69 1
92 45 1
37 161 1
38 49 1
168 16 1
40 91 1
116 91 1
117 83 1
121 16 1
124 43 1
107 37 1
127 46 1
110 114 1
75 60 1
58 92 1
129 78 1
97 15 1
78 27 1
57 102 1
39 18 1
83 76 1
48 26 1
34 197 1
108 60 1
73 102 1
36 126 1
37 72 1
76 21 1
115 18 1
133 106 1
61 82 1
47 35 1
108 83 1
35 190 1
36 205 1
109 91 1
111 70 1
76 100 1
77 114 1
59 36 1
42 20 1
131 28 1
116 51 1
126 76 1
127 70 1
92 36 1
220 17 1
38 40 1
40 66 1
74 94 1
60 29 1
99 42 1
117 92 1
33 101 1
107 26 1
124 34 1
36 22 1
75 53 1
186 16 1
115 106 1
78 98 1
43 76 1
44 86 1
48 17 1
46 75 1
125 29 1
108 59 1
36 101 1
37 113 1
112 62 1
94 98 1
93 116 1
115 27 1
152 15 1
133 83 1
62 75 1
61 107 1
134 99 1
34 79 1
35 167 1
108 74 1
109 84 1
113 17 1
76 99 1
77 107 1
59 61 1
116 58 1
92 35 1
75 93 1
95 22 1
132 44 1
43 52 1
99 83 1
60 20 1
135 17 1
33 126 1
107 19 1
72 15 1
36 29 1
75 42 1
58 110 1
114 67 1
78 101 1
43 69 1
44 77 1
100 50 1
83 90 1
46 82 1
125 22 1
108 50 1
112 53 1
93 77 1
94 101 1
61 100 1
62 114 1
133 92 1
134 90 1
66 17 1
34 70 1
91 27 1
109 77 1
111 84 1
77 100 1
59 50 1
35 61 1
127 116 1
92 58 1
75 82 1
132 43 1
43 45 1
60 19 1
33 119 1
75 35 1
97 18 1
78 108 1
133 52 1
44 68 1
172 17 1
83 99 1
48 15 1
112 44 1
93 70 1
94 108 1
138 16 1
34 65 1
35 85 1
109 70 1
56 46 1
126 22 1
111 93 1
59 75 1
77 29 1
81 90 1
181 15 1
74 75 1
75 75 1
38 93 1
96 52 1
60 42 1
43 34 1
132 18 1
90 75 1
93 46 1
39 54 1
97 43 1
44 67 1
46 92 1
35 205 1
56 70 1
112 35 1
128 110 1
79 28 1
134 84 1
101 15 1
66 99 1
34 88 1
56 53 1
128 29 1
111 90 1
96 92 1
38 197 1
77 22 1
81 83 1
82 99 1
156 16 1
49 106 1
74 114 1
129 50 1
57 26 1
39 94 1
40 62 1
43 27 1
63 84 1
65 42 1
56 18 1
157 15 1
124 70 1
90 82 1
218 15 1
130 83 1
114 108 1
97 44 1
80 36 1
61 30 1
44 58 1
56 77 1
36 153 1
112 90 1
128 101 1
41 82 1
37 21 1
94 94 1
81 59 1
49 18 1
215 16 1
91 110 1
56 60 1
128 20 1
111 99 1
96 83 1
81 84 1
82 90 1
49 99 1
107 110 1
200 17 1
127 99 1
181 17 1
57 35 1
38 79 1
114 20 1
40 37 1
65 35 1
124 93 1
34 136 1
90 93 1
36 49 1
130 42 1
39 36 1
80 27 1
48 52 1
47 100 1
125 58 1
108 22 1
56 84 1
36 128 1
37 30 1
41 91 1
42 107 1
98 28 1
81 60 1
112 110 1
35 72 1
74 21 1
96 106 1
59 94 1
102 16 1
49 100 1
74 100 1
92 30 1
38 70 1
39 76 1
114 15 1
132 15 1
40 44 1
57 36 1
95 115 1
63 90 1
65 36 1
48 92 1
124 84 1
125 66 1
90 36 1
218 17 1
36 56 1
110 35 1
41 51 1
115 84 1
80 18 1
48 43 1
125 51 1
73 53 1
36 143 1
184 16 1
38 159 1
128 115 1
41 92 1
42 82 1
56 91 1
91 45 1
62 17 1
76 38 1
66 76 1
34 101 1
126 50 1
109 42 1
35 113 1
92 102 1
74 28 1
52 15 1
116 108 1
64 26 1
82 76 1
107 92 1
92 21 1
57 45 1
38 121 1
39 69 1
167 16 1
40 19 1
63 67 1
48 83 1
124 83 1
125 91 1
36 39 1
110 42 1
93 50 1
58 20 1
130 60 1
169 15 1
78 83 1
133 17 1
41 52 1
79 67 1
48 34 1
47 106 1
33 133 1
73 62 1
36 182 1
128 74 1
38 150 1
94 51 1
41 69 1
42 93 1
56 98 1
76 93 1
35 118 1
126 53 1
109 35 1
37 145 1
131 84 1
77 58 1
59 108 1
116 107 1
64 17 1
60 86 1
117 99 1
107 85 1
89 15 1
127 30 1
110 66 1
75 108 1
38 112 1
40 26 1
129 30 1
78 43 1
57 54 1
99 98 1
117 20 1
39 66 1
46 16 1
48 74 1
33 45 1
34 149 1
125 84 1
124 106 1
36 46 1
110 45 1
90 54 1
73 86 1
41 61 1
115 34 1
78 90 1
61 34 1
133 26 1
44 30 1
33 158 1
36 189 1
112 70 1
38 137 1
94 58 1
76 84 1
42 68 1
170 17 1
151 17 1
41 78 1
222 15 1
134 43 1
111 22 1
34 119 1
126 60 1
35 127 1
91 74 1
109 28 1
38 24 1
40 114 1
77 51 1
59 101 1
92 116 1
99 26 1
136 16 1
45 74 1
60 109 1
116 114 1
117 108 1
89 16 1
107 74 1
110 69 1
75 101 1
95 110 1
78 50 1
99 107 1
65 15 1
46 27 1
33 38 1
125 109 1
36 85 1
110 52 1
58 38 1
41 38 1
115 43 1
78 93 1
61 59 1
44 21 1
83 18 1
33 151 1
34 31 1
35 151 1
38 128 1
76 83 1
77 91 1
94 61 1
134 34 1
45 50 1
198 15 1
109 21 1
91 67 1
92 115 1
77 44 1
60 100 1
188 17 1
131 66 1
132 92 1
45 67 1
33 78 1
107 67 1
110 76 1
75 26 1
114 51 1
78 53 1
154 16 1
100 98 1
46 34 1
33 63 1
34 167 1
125 102 1
93 29 1
97 90 1
61 52 1
118 15 1
83 27 1
33 168 1
34 22 1
91 43 1
112 116 1
111 36 1
76 74 1
77 84 1
42 54 1
98 59 1
81 17 1
131 58 1
94 36 1
45 43 1
35 109 1
126 46 1
92 74 1
131 75 1
60 99 1
132 91 1
59 115 1
77 37 1
33 71 1
127 53 1
75 19 1
38 101 1
114 42 1
95 92 1
78 60 1
43 106 1
44 116 1
33 48 1
34 190 1
112 28 1
93 22 1
97 83 1
98 67 1
61 77 1
33 161 1
35 133 1
128 86 1
112 107 1
111 45 1
59 27 1
131 35 1
98 50 1
77 77 1
62 52 1
45 36 1
134 28 1
74 59 1
37 181 1
95 52 1
132 66 1
82 43 1
33 88 1
127 50 1
110 94 1
57 82 1
39 102 1
95 69 1
43 99 1
44 115 1
100 16 1
63 108 1
46 44 1
65 18 1
140 17 1
33 201 1
34 185 1
73 114 1
112 19 1
130 27 1
58 51 1
97 84 1
98 90 1
79 44 1
61 70 1
66 51 1
216 17 1
34 40 1
128 45 1
112 98 1
111 42 1
37 45 1
38 181 1
205 17 1
77 70 1
94 22 1
49 90 1
91 86 1
74 34 1
37 190 1
40 110 1
96 27 1
149 15 1
95 61 1
82 34 1
33 81 1
124 22 1
90 98 1
107 54 1
127 59 1
57 91 1
58 75 1
130 99 1
95 66 1
80 84 1
114 92 1
44 106 1
129 115 1
34 176 1
90 21 1
36 73 1
37 69 1
165 16 1
58 58 1
130 18 1
118 16 1
47 28 1
69 15 1
108 94 1
91 62 1
128 36 1
111 51 1
131 17 1
42 35 1
49 83 1
126 67 1
127 83 1
74 45 1
37 167 1
38 63 1
96 18 1
95 58 1
40 85 1
64 75 1
124 45 1
90 109 1
129 116 1
58 82 1
39 20 1
186 15 1
95 75 1
80 75 1
208 16 1
57 92 1
48 100 1
90 28 1
36 112 1
37 78 1
98 108 1
79 50 1
35 184 1
108 85 1
128 59 1
36 199 1
38 167 1
183 16 1
59 46 1
42 42 1
56 19 1
76 110 1
45 15 1
49 84 1
106 15 1
126 74 1
92 46 1
37 160 1
38 54 1
168 17 1
149 17 1
95 35 1
74 84 1
99 36 1
82 20 1
117 82 1
40 92 1
64 66 1
124 36 1
107 36 1
90 116 1
110 115 1
129 77 1
58 93 1
57 101 1
115 100 1
80 66 1
43 86 1
48 27 1
108 61 1
73 101 1
36 127 1
37 119 1
76 22 1
79 59 1
83 60 1
66 28 1
47 34 1
34 53 1
35 161 1
108 76 1
128 50 1
109 90 1
56 26 1
76 101 1
36 206 1
42 21 1
116 60 1
64 42 1
70 16 1
126 77 1
92 37 1
37 169 1
40 67 1
38 41 1
36 213 1
60 30 1
43 62 1
117 91 1
82 15 1
63 51 1
124 35 1
107 29 1
36 23 1
75 52 1
58 100 1
186 17 1
130 76 1
78 99 1
129 70 1
57 110 1
100 52 1
83 84 1
48 18 1
33 213 1
125 28 1
108 52 1
73 110 1
36 102 1
37 112 1
93 115 1
94 99 1
115 26 1
152 16 1
61 106 1
133 82 1
47 43 1
215 15 1
108 75 1
109 83 1
35 166 1
37 193 1
113 16 1
111 78 1
77 106 1
59 60 1
42 28 1
116 59 1
35 55 1
127 78 1
92 60 1
75 92 1
38 32 1
40 74 1
126 116 1
60 21 1
129 46 1
99 82 1
117 36 1
135 16 1
124 58 1
33 125 1
107 18 1
90 70 1
36 30 1
75 45 1
115 114 1
78 106 1
43 68 1
44 78 1
100 51 1
137 15 1
46 83 1
47 67 1
125 21 1
108 51 1
36 109 1
37 121 1
93 76 1
94 106 1
112 54 1
42 116 1
61 99 1
134 91 1
133 91 1
34 71 1
35 175 1
108 66 1
109 76 1
91 26 1
38 200 1
77 99 1
59 53 1
92 59 1
75 85 1
95 30 1
60 44 1
43 44 1
99 91 1
132 20 1
33 118 1
75 34 1
97 17 1
78 109 1
133 51 1
44 69 1
100 58 1
83 98 1
46 90 1
125 46 1
35 199 1
108 42 1
112 45 1
93 69 1
94 109 1
133 68 1
134 82 1
190 15 1
138 17 1
34 94 1
109 69 1
91 19 1
111 92 1
77 28 1
59 74 1
131 114 1
107 115 1
35 37 1
126 102 1
92 50 1
75 74 1
203 17 1
132 19 1
43 37 1
60 43 1
100 82 1
93 45 1
114 114 1
97 42 1
78 116 1
133 60 1
44 60 1
83 107 1
112 36 1
93 94 1
94 84 1
76 58 1
42 102 1
34 89 1
35 93 1
109 62 1
56 54 1
126 30 1
111 101 1
166 15 1
113 59 1
59 67 1
116 16 1
81 82 1
77 21 1
45 108 1
156 17 1
127 101 1
74 115 1
75 67 1
38 85 1
114 26 1
60 34 1
43 26 1
132 26 1
34 142 1
90 83 1
110 22 1
93 38 1
221 17 1
39 46 1
97 35 1
61 29 1
44 59 1
46 100 1
86 15 1
56 78 1
112 91 1
128 102 1
222 16 1
81 58 1
62 100 1
134 76 1
49 17 1
34 80 1
56 61 1
128 21 1
113 60 1
96 84 1
111 98 1
60 74 1
132 114 1
81 75 1
82 91 1
49 98 1
181 16 1
127 98 1
57 34 1
203 15 1
39 86 1
40 38 1
43 19 1
63 92 1
65 34 1
33 25 1
34 137 1
90 90 1
124 94 1
147 17 1
130 43 1
114 100 1
97 36 1
80 28 1
61 22 1
44 50 1
78 70 1
73 51 1
56 85 1
36 129 1
112 82 1
37 29 1
41 90 1
94 70 1
81 51 1
66 114 1
123 15 1
91 102 1
74 18 1
111 107 1
96 107 1
224 16 1
81 76 1
82 82 1
102 17 1
107 102 1
127 107 1
74 101 1
57 43 1
38 71 1
40 45 1
95 114 1
65 59 1
68 16 1
124 85 1
34 128 1
90 37 1
36 57 1
130 34 1
41 50 1
80 19 1
48 44 1
47 108 1
125 50 1
73 52 1
56 92 1
36 136 1
184 17 1
128 116 1
41 67 1
42 83 1
98 20 1
81 52 1
173 17 1
35 112 1
126 51 1
74 29 1
37 151 1
96 98 1
59 86 1
64 27 1
92 22 1
57 44 1
38 126 1
39 68 1
74 108 1
40 20 1
65 60 1
48 84 1
63 66 1
124 108 1
125 90 1
90 44 1
36 32 1
110 43 1
58 21 1
41 59 1
115 92 1
133 16 1
79 66 1
48 35 1
86 16 1
73 61 1
36 183 1
56 99 1
38 151 1
128 75 1
41 68 1
42 90 1
76 94 1
66 68 1
34 125 1
126 58 1
35 121 1
109 34 1
37 144 1
91 116 1
99 20 1
64 18 1
117 98 1
82 68 1
107 84 1
110 67 1
129 29 1
38 113 1
40 27 1
57 53 1
80 114 1
117 19 1
154 15 1
63 75 1
46 17 1
48 75 1
124 107 1
125 83 1
73 85 1
36 47 1
110 50 1
58 28 1
41 60 1
130 52 1
78 91 1
79 75 1
66 44 1
47 114 1
33 157 1
35 145 1
73 38 1
128 66 1
36 190 1
38 142 1
94 59 1
41 77 1
42 69 1
56 106 1
151 16 1
76 85 1
35 126 1
109 27 1
126 61 1
37 153 1
38 25 1
40 115 1
77 50 1
59 100 1
131 92 1
117 107 1
136 17 1
60 110 1
107 77 1
110 74 1
75 100 1
38 104 1
129 22 1
57 62 1
78 51 1
99 106 1
100 100 1
117 28 1
48 66 1
33 37 1
34 173 1
125 108 1
124 98 1
36 86 1
201 17 1
110 53 1
130 15 1
41 37 1
115 42 1
90 62 1
61 58 1
207 15 1
44 22 1
33 150 1
35 150 1
36 165 1
37 49 1
38 129 1
94 34 1
77 90 1
42 76 1
76 76 1
131 52 1
134 35 1
111 30 1
35 103 1
126 36 1
91 66 1
109 20 1
92 76 1
74 54 1
77 43 1
60 101 1
45 66 1
50 15 1
33 77 1
107 66 1
110 77 1
75 29 1
39 115 1
95 86 1
78 58 1
43 116 1
154 17 1
100 99 1
46 35 1
33 62 1
125 101 1
36 93 1
110 60 1
93 28 1
58 46 1
41 46 1
115 51 1
61 51 1
83 26 1
33 175 1
34 23 1
35 159 1
108 114 1
219 17 1
91 42 1
38 184 1
183 15 1
77 83 1
76 75 1
94 37 1
81 16 1
62 50 1
45 42 1
134 26 1
91 91 1
92 75 1
77 36 1
59 114 1
131 74 1
132 68 1
63 17 1
33 70 1
107 59 1
127 52 1
110 84 1
75 18 1
58 70 1
114 43 1
78 61 1
43 109 1
100 106 1
46 42 1
103 15 1
33 55 1
34 191 1
112 29 1
93 21 1
97 82 1
61 76 1
83 35 1
33 160 1
34 46 1
91 35 1
112 108 1
111 44 1
94 44 1
77 76 1
42 62 1
131 34 1
76 66 1
98 51 1
45 35 1
113 114 1
59 26 1
126 86 1
35 21 1
92 66 1
220 15 1
132 67 1
33 95 1
127 61 1
114 34 1
95 68 1
43 98 1
44 108 1
100 17 1
65 17 1
33 200 1
34 182 1
112 20 1
93 110 1
97 107 1
98 91 1
61 69 1
33 185 1
34 41 1
35 141 1
109 110 1
128 46 1
112 99 1
111 53 1
113 107 1
131 43 1
205 16 1
59 19 1
77 69 1
62 60 1
45 28 1
134 20 1
127 85 1
74 35 1
37 189 1
96 28 1
95 60 1
60 114 1
132 74 1
171 17 1
82 35 1
33 80 1
90 99 1
127 58 1
110 102 1
129 114 1
57 90 1
39 30 1
95 77 1
43 91 1
44 107 1
46 52 1
33 193 1
34 177 1
90 18 1
58 59 1
130 19 1
97 108 1
98 82 1
61 94 1
62 84 1
118 17 1
79 52 1
34 32 1
128 37 1
37 213 1
111 50 1
113 108 1
131 16 1
38 173 1
94 30 1
134 15 1
84 16 1
49 82 1
127 82 1
74 42 1
37 166 1
40 86 1
96 19 1
95 37 1
82 26 1
64 76 1
65 114 1
33 105 1
124 46 1
90 106 1
107 46 1
127 35 1
57 99 1
58 83 1
114 84 1
95 74 1
129 75 1
80 76 1
189 17 1
44 98 1
208 17 1
78 22 1
34 200 1
90 29 1
73 99 1
36 113 1
37 77 1
54 15 1
115 15 1
190 16 1
47 36 1
108 86 1
91 54 1
56 20 1
128 60 1
111 59 1
36 192 1
42 43 1
49 75 1
126 75 1
127 91 1
74 85 1
37 175 1
38 55 1
96 42 1
149 16 1
95 34 1
40 93 1
171 15 1
64 67 1
65 75 1
124 37 1
57 100 1
58 90 1
130 114 1
129 76 1
80 67 1
75 62 1
48 28 1
108 62 1
73 100 1
36 120 1
37 118 1
41 115 1
115 20 1
98 100 1
79 58 1
35 160 1
108 77 1
128 51 1
37 199 1
56 27 1
36 207 1
59 38 1
42 18 1
76 102 1
64 43 1
49 76 1
70 17 1
126 114 1
35 49 1
92 38 1
37 168 1
38 46 1
40 68 1
95 43 1
74 92 1
99 44 1
64 90 1
65 76 1
63 50 1
117 90 1
124 60 1
107 28 1
129 69 1
58 101 1
57 109 1
115 108 1
80 58 1
208 15 1
43 78 1
48 19 1
125 27 1
108 53 1
73 109 1
36 103 1
37 127 1
93 114 1
41 116 1
152 17 1
66 20 1
47 42 1
34 77 1
35 169 1
108 68 1
109 82 1
37 192 1
56 34 1
42 29 1
64 34 1
217 17 1
35 54 1
92 61 1
129 45 1
38 33 1
40 75 1
60 22 1
43 54 1
117 35 1
63 59 1
124 59 1
107 21 1
36 31 1
75 44 1
58 108 1
130 68 1
129 94 1
78 107 1
100 60 1
83 92 1
47 66 1
125 20 1
35 193 1
108 44 1
36 110 1
37 120 1
54 16 1
94 107 1
93 75 1
34 213 1
73 22 1
61 98 1
133 90 1
47 51 1
108 67 1
35 174 1
109 75 1
91 29 1
38 201 1
37 201 1
77 98 1
59 52 1
111 86 1
35 63 1
92 52 1
75 84 1
38 88 1
40 50 1
129 38 1
60 45 1
74 78 1
99 90 1
100 84 1
117 44 1
33 117 1
124 50 1
90 78 1
75 37 1
39 59 1
97 16 1
78 114 1
133 50 1
44 70 1
100 59 1
46 91 1
47 75 1
125 45 1
108 43 1
35 198 1
36 149 1
37 97 1
93 68 1
94 82 1
76 60 1
41 102 1
112 46 1
79 17 1
133 67 1
134 83 1
34 95 1
35 87 1
126 20 1
109 68 1
91 18 1
38 192 1
77 27 1
59 77 1
45 114 1
107 114 1
92 51 1
75 77 1
203 16 1
132 28 1
43 36 1
60 36 1
99 67 1
100 83 1
93 44 1
169 17 1
115 67 1
133 59 1
44 61 1
100 34 1
83 106 1
46 98 1
125 38 1
35 207 1
108 34 1
112 37 1
93 93 1
76 59 1
94 85 1
61 116 1
62 98 1
133 76 1
134 74 1
34 86 1
109 61 1
91 107 1
111 100 1
113 58 1
77 20 1
59 66 1
116 17 1
60 76 1
45 107 1
107 107 1
35 45 1
127 100 1
126 110 1
75 66 1
114 27 1
132 27 1
43 29 1
60 35 1
100 90 1
34 143 1
125 78 1
93 37 1
221 16 1
114 106 1
97 34 1
61 28 1
44 52 1
133 36 1
112 92 1
93 86 1
76 50 1
222 17 1
42 110 1
187 17 1
151 15 1
94 92 1
49 16 1
34 81 1
35 69 1
109 54 1
56 62 1
128 22 1
111 109 1
113 51 1
131 99 1
60 75 1
59 91 1
81 74 1
45 100 1
127 109 1
38 77 1
114 18 1
95 116 1
60 58 1
43 18 1
33 24 1
34 134 1
90 91 1
71 15 1
110 30 1
147 16 1
93 62 1
39 38 1
97 59 1
61 21 1
44 51 1
46 108 1
33 137 1
73 50 1
56 86 1
112 83 1
113 91 1
98 26 1
81 50 1
62 108 1
134 68 1
34 104 1
74 19 1
111 106 1
96 108 1
224 17 1
60 66 1
188 15 1
81 67 1
82 83 1
113 52 1
127 106 1
74 98 1
57 42 1
40 46 1
39 78 1
206 16 1
63 68 1
65 58 1
73 30 1
68 17 1
124 86 1
34 129 1
90 34 1
130 35 1
97 60 1
80 20 1
79 68 1
44 42 1
61 46 1
78 78 1
73 59 1
56 93 1
36 137 1
112 74 1
38 157 1
41 66 1
113 92 1
94 78 1
81 43 1
173 16 1
66 74 1
74 26 1
37 150 1
111 115 1
96 99 1
81 68 1
64 28 1
82 74 1
139 17 1
107 94 1
127 19 1
74 109 1
129 27 1
38 127 1
57 51 1
40 21 1
78 38 1
225 15 1
65 51 1
46 15 1
124 109 1
34 152 1
90 45 1
73 83 1
36 33 1
130 58 1
41 58 1
58 18 1
48 36 1
86 17 1
73 60 1
56 100 1
36 176 1
128 76 1
41 75 1
42 91 1
98 44 1
81 44 1
49 59 1
52 16 1
35 120 1
126 59 1
37 159 1
59 110 1
64 19 1
129 28 1
38 118 1
57 52 1
95 99 1
75 110 1
40 28 1
99 100 1
117 18 1
63 74 1
48 76 1
65 52 1
157 17 1
124 100 1
125 82 1
90 52 1
73 84 1
36 40 1
110 51 1
58 29 1
41 35 1
115 36 1
79 74 1
83 15 1
35 144 1
73 37 1
56 107 1
37 55 1
38 143 1
128 67 1
41 76 1
42 66 1
36 191 1
76 86 1
66 92 1
49 60 1
34 117 1
35 97 1
91 76 1
109 26 1
37 152 1
38 30 1
126 34 1
40 116 1
99 28 1
82 60 1
64 106 1
117 106 1
139 15 1
107 76 1
200 15 1
110 75 1
129 21 1
38 105 1
57 61 1
80 106 1
117 27 1
48 67 1
124 99 1
125 107 1
73 93 1
36 87 1
201 16 1
110 58 1
58 36 1
41 36 1
79 83 1
83 20 1
66 36 1
33 149 1
34 29 1
35 153 1
108 116 1
36 166 1
128 90 1
38 134 1
37 48 1
56 114 1
42 77 1
94 35 1
76 77 1
73 46 1
120 15 1
35 102 1
126 37 1
92 77 1
37 129 1
109 19 1
91 69 1
77 42 1
131 68 1
60 102 1
107 69 1
110 82 1
75 28 1
38 96 1
39 114 1
129 110 1
78 59 1
57 70 1
100 108 1
103 17 1
33 61 1
125 100 1
34 165 1
73 70 1
36 94 1
110 61 1
93 27 1
41 45 1
115 50 1
61 50 1
33 174 1
35 158 1
108 115 1
219 16 1
36 173 1
38 185 1
94 42 1
77 82 1
42 52 1
131 60 1
76 68 1
37 57 1
62 51 1
134 27 1
111 38 1
35 111 1
126 44 1
92 68 1
91 90 1
185 17 1
96 15 1
77 35 1
40 98 1
74 62 1
116 66 1
63 16 1
33 69 1
107 58 1
110 85 1
75 21 1
39 107 1
95 94 1
43 108 1
100 107 1
46 43 1
33 54 1
36 69 1
37 81 1
93 20 1
58 54 1
41 22 1
115 59 1
112 30 1
61 75 1
83 34 1
33 167 1
34 47 1
35 135 1
108 106 1
109 116 1
112 109 1
38 176 1
91 34 1
77 75 1
59 29 1
76 67 1
94 45 1
62 58 1
45 34 1
134 18 1
106 16 1
91 83 1
92 67 1
95 54 1
132 76 1
60 116 1
99 51 1
33 94 1
107 51 1
127 60 1
110 92 1
74 70 1
58 78 1
114 35 1
43 101 1
44 109 1
100 18 1
65 16 1
46 50 1
33 207 1
34 183 1
112 21 1
93 109 1
97 106 1
61 68 1
62 82 1
83 43 1
47 17 1
33 184 1
34 38 1
109 109 1
91 59 1
112 100 1
111 52 1
113 106 1
77 68 1
42 38 1
131 42 1
205 15 1
94 20 1
45 27 1
59 18 1
35 29 1
127 84 1
92 90 1
126 94 1
132 75 1
60 115 1
171 16 1
33 87 1
127 37 1
114 90 1
95 76 1
43 90 1
44 100 1
137 17 1
83 67 1
33 192 1
34 206 1
90 19 1
93 102 1
130 16 1
97 99 1
98 83 1
61 93 1
33 177 1
34 33 1
35 181 1
109 102 1
128 38 1
113 99 1
111 61 1
131 19 1
59 43 1
62 36 1
45 20 1
84 17 1
127 93 1
74 43 1
37 165 1
38 61 1
96 20 1
95 36 1
132 50 1
82 27 1
63 15 1
33 104 1
90 107 1
127 34 1
110 110 1
129 74 1
57 98 1
39 22 1
43 83 1
44 99 1
189 16 1
46 60 1
34 201 1
90 26 1
73 98 1
56 90 1
97 100 1
98 106 1
79 60 1
61 86 1
62 92 1
155 17 1
190 17 1
34 56 1
56 21 1
128 61 1
113 100 1
111 58 1
38 165 1
36 193 1
49 74 1
127 90 1
74 82 1
37 174 1
40 94 1
96 43 1
95 45 1
43 59 1
64 68 1
63 52 1
82 18 1
65 74 1
33 97 1
124 38 1
90 114 1
107 38 1
127 43 1
57 107 1
58 91 1
114 76 1
129 67 1
80 68 1
78 30 1
44 90 1
100 15 1
34 192 1
73 107 1
36 121 1
112 58 1
37 117 1
41 114 1
66 26 1
47 44 1
108 78 1
56 28 1
37 198 1
111 67 1
128 52 1
36 200 1
42 19 1
64 44 1
156 15 1
49 67 1
217 15 1
35 48 1
126 115 1
74 93 1
129 43 1
38 47 1
96 34 1
95 42 1
127 67 1
40 69 1
64 91 1
65 67 1
174 16 1
124 61 1
129 68 1
130 74 1
57 108 1
75 54 1
80 59 1
58 98 1
48 20 1
47 68 1
125 26 1
108 54 1
73 108 1
36 96 1
37 126 1
115 28 1
101 17 1
35 168 1
108 69 1
56 35 1
37 207 1
96 74 1
59 62 1
42 26 1
64 35 1
49 68 1
217 16 1
35 57 1
92 62 1
129 44 1
38 38 1
74 68 1
95 19 1
75 94 1
40 76 1
99 84 1
64 82 1
63 58 1
65 68 1
117 34 1
124 52 1
107 20 1
90 68 1
36 24 1
129 93 1
58 109 1
39 61 1
80 50 1
43 70 1
125 19 1
35 192 1
108 45 1
36 111 1
37 103 1
93 74 1
73 21 1
54 17 1
42 114 1
66 108 1
47 50 1
34 69 1
35 81 1
109 74 1
91 28 1
126 18 1
113 15 1
38 206 1
131 15 1
56 42 1
37 200 1
64 58 1
82 108 1
119 17 1
35 62 1
92 53 1
129 37 1
38 89 1
40 51 1
60 46 1
43 46 1
117 43 1
63 35 1
104 16 1
124 51 1
75 36 1
58 116 1
39 58 1
130 92 1
78 115 1
79 99 1
129 86 1
100 36 1
83 100 1
47 74 1
51 15 1
125 44 1
35 201 1
108 36 1
36 150 1
37 96 1
128 106 1
94 83 1
93 67 1
41 101 1
76 61 1
79 16 1
56 66 1
133 66 1
47 59 1
35 86 1
126 21 1
109 67 1
91 21 1
38 193 1
111 94 1
77 26 1
59 76 1
35 39 1
126 100 1
75 76 1
38 80 1
168 15 1
40 58 1
60 37 1
129 62 1
117 52 1
100 92 1
57 22 1
99 66 1
124 74 1
90 86 1
93 43 1
39 51 1
169 16 1
115 66 1
133 58 1
44 62 1
100 35 1
46 99 1
122 16 1
47 83 1
125 37 1
108 35 1
35 206 1
36 157 1
37 105 1
93 92 1
94 90 1
76 52 1
42 100 1
41 110 1
133 75 1
62 99 1
134 75 1
112 38 1
61 115 1
88 15 1
34 87 1
35 95 1
126 28 1
109 60 1
91 106 1
77 19 1
59 69 1
60 77 1
116 18 1
45 106 1
91 53 1
107 106 1
75 69 1
39 91 1
60 60 1
43 28 1
99 75 1
100 91 1
125 77 1
71 17 1
36 53 1
110 20 1
93 36 1
114 107 1
115 75 1
61 27 1
44 53 1
133 35 1
100 42 1
46 106 1
83 114 1
125 62 1
108 26 1
112 93 1
93 85 1
76 51 1
94 93 1
187 16 1
62 106 1
134 66 1
34 110 1
91 99 1
109 53 1
113 50 1
111 108 1
59 90 1
60 68 1
131 98 1
153 17 1
64 15 1
45 99 1
107 99 1
127 108 1
114 19 1
60 59 1
43 21 1
100 66 1
33 31 1
34 135 1
125 70 1
93 61 1
114 98 1
97 58 1
78 68 1
133 44 1
44 44 1
61 20 1
33 136 1
112 84 1
113 90 1
76 42 1
94 68 1
42 86 1
98 27 1
34 105 1
35 77 1
109 46 1
92 106 1
113 43 1
59 83 1
60 67 1
131 107 1
81 66 1
45 92 1
127 21 1
74 99 1
75 115 1
38 69 1
60 50 1
206 17 1
117 15 1
34 158 1
90 35 1
110 38 1
93 54 1
97 51 1
61 45 1
44 43 1
33 129 1
73 58 1
56 94 1
112 75 1
113 83 1
98 18 1
81 42 1
134 60 1
62 20 1
173 15 1
66 75 1
34 96 1
74 27 1
37 149 1
113 44 1
96 100 1
111 114 1
60 90 1
132 98 1
99 17 1
82 75 1
77 62 1

34 7 0
14 17 0
14 74 0
55 5 0
36 6 0
15 89 0
16 9 0
17 7 0
37 7 0
12 89 0
11 73 0
15 74 0
13 17 0
20 7 0
11 90 0
16 90 0
15 50 0
22 6 0
21 6 0
104 6 0
16 50 0
13 32 0
105 7 0
11 48 0
12 40 0
13 98 0
14 80 0
88 7 0
12 64 0
14 18 0
13 58 0
89 6 0
86 5 0
16 65 0
90 5 0
12 17 0
15 73 0
16 25 0
13 73 0
73 5 0
11 89 0
15 49 0
12 34 0
11 42 0
15 34 0
11 104 0
15 96 0
14 24 0
13 48 0
12 56 0
14 64 0
12 80 0
85 6 0
86 6 0
90 6 0
13 10 0
72 5 0
87 7 0
16 81 0
14 49 0
70 7 0
69 5 0
51 6 0
12 97 0
16 41 0
13 89 0
11 98 0
11 41 0
56 6 0
71 6 0
15 33 0
12 50 0
11 58 0
13 104 0
12 74 0
15 16 0
14 8 0
38 5 0
12 8 0
11 16 0
16 16 0
13 66 0
68 5 0
14 50 0
13 26 0
51 5 0
16 97 0
14 33 0
71 5 0
11 97 0
52 6 0
16 57 0
13 41 0
11 57 0
53 7 0
15 26 0
11 10 0
36 7 0
15 88 0
16 10 0
17 6 0
38 6 0
11 72 0
19 7 0
37 6 0
16 72 0
18 5 0
14 56 0
13 16 0
12 24 0
39 7 0
12 90 0
16 32 0
22 7 0
21 5 0
104 7 0
13 82 0
14 96 0
14 34 0
105 6 0
12 41 0
102 5 0
107 7 0
13 97 0
106 5 0
12 65 0
14 81 0
15 25 0
13 57 0
11 66 0
11 9 0
89 5 0
16 66 0
15 10 0
12 18 0
11 26 0
18 6 0
15 72 0
16 26 0
13 72 0
20 5 0
11 88 0
16 88 0
15 48 0
14 40 0
12 104 0
16 48 0
13 34 0
102 6 0
14 25 0
106 6 0
88 5 0
14 82 0
103 7 0
12 57 0
14 65 0
11 65 0
12 81 0
85 5 0
86 7 0
15 9 0
90 7 0
13 9 0
87 6 0
11 25 0
11 82 0
16 82 0
15 58 0
73 7 0
72 6 0
12 98 0
16 42 0
56 7 0
13 88 0
12 32 0
11 40 0
16 104 0
15 32 0
14 88 0
54 5 0
14 26 0
13 50 0
14 9 0
14 66 0
12 9 0
15 81 0
16 17 0
13 65 0
11 81 0
87 5 0
68 6 0
15 66 0
15 57 0
13 25 0
11 34 0
69 7 0
16 98 0
15 42 0
11 96 0
52 7 0
15 104 0
16 58 0
13 40 0
12 48 0
54 6 0
35 7 0
53 6 0
11 56 0
34 5 0
14 72 0
55 7 0
12 72 0
17 5 0
14 10 0
38 7 0
37 5 0
19 6 0
16 73 0
14 57 0
39 6 0
12 25 0
15 65 0
16 33 0
13 81 0
14 97 0
11 33 0
15 41 0
105 5 0
11 50 0
12 42 0
13 96 0
107 6 0
12 66 0
34 6 0
15 24 0
14 16 0
13 56 0
36 5 0
11 8 0
16 8 0
12 88 0
18 7 0
19 5 0
14 58 0
13 18 0
20 6 0
15 82 0
39 5 0
16 89 0
14 41 0
14 98 0
104 5 0
21 7 0
16 49 0
13 33 0
11 49 0
102 7 0
15 98 0
107 5 0
106 7 0
88 6 0
103 6 0
12 58 0
89 7 0
11 64 0
12 82 0
16 64 0
15 8 0
72 7 0
12 16 0
13 8 0
11 24 0
16 24 0
13 74 0
14 104 0
70 5 0
73 6 0
14 42 0
12 33 0
14 89 0
15 97 0
13 49 0
103 5 0
15 18 0
12 10 0
11 18 0
85 7 0
15 80 0
16 18 0
13 64 0
11 80 0
68 7 0
16 80 0
15 56 0
14 48 0
13 24 0
12 96 0
70 6 0
51 7 0
69 6 0
16 40 0
13 90 0
71 7 0
56 5 0
14 90 0
54 7 0
53 5 0
35 6 0
12 49 0
14 73 0
55 6 0
12 73 0
15 90 0
15 17 0
11 74 0
11 17 0
16 74 0
12 26 0
15 64 0
16 34 0
22 5 0
13 80 0
11 32 0
16 96 0
15 40 0
14 32 0
52 5 0
16 56 0
13 42 0
35 5 0

22 85 0
50 10 0
22 23 0
22 13 0
22 54 0
81 10 0
99 10 0
22 79 0
22 37 0
66 10 0
79 10 0
84 10 0
22 103 0
22 93 0
97 10 0
115 10 0
118 10 0
22 31 0
82 10 0
22 62 0
100 10 0
22 55 0
22 45 0
22 86 0
113 10 0
22 69 0
98 10 0
22 14 0
116 10 0
32 10 0
22 38 0
22 63 0
22 21 0
114 10 0
22 94 0
22 87 0
48 10 0
22 77 0
101 10 0
28 10 0
22 15 0
22 101 0
22 46 0
30 10 0
22 39 0
64 10 0
22 29 0
117 10 0
33 10 0
22 70 0
22 95 0
31 10 0
22 53 0
46 10 0
80 10 0
22 109 0
22 22 0
49 10 0
67 10 0
22 47 0
29 10 0
47 10 0
22 78 0
62 10 0
22 71 0
96 10 0
22 61 0
22 102 0
65 10 0
83 10 0
45 10 0
63 10 0
22 30 0

