14 17 0
15 20 0
17 20 0
67 85 0
13 17 0
1 6 0
69 90 0
52 73 0
2 5 0
52 68 0
69 87 0
41 57 0
4 0 0
65 89 0
14 18 0
28 35 0
66 87 0
16 22 0
29 34 0
0 4 0
17 23 0
13 20 0
1 1 0
40 57 0
3 2 0
2 6 0
41 52 0
65 87 0
4 5 0
42 51 0
27 39 0
26 37 0
27 40 0
66 88 0
67 90 0
16 19 0
30 39 0
29 37 0
17 18 0
0 1 0
56 72 0
13 23 0
40 54 0
3 1 0
42 57 0
41 55 0
53 73 0
54 73 0
43 52 0
42 52 0
14 21 0
53 70 0
27 34 0
26 38 0
43 57 0
55 71 0
39 55 0
28 37 0
67 89 0
29 40 0
56 69 0
2 1 0
68 91 0
40 51 0
54 71 0
68 86 0
54 74 0
43 51 0
14 22 0
15 23 0
55 74 0
69 89 0
1 5 0
52 74 0
3 6 0
2 2 0
69 86 0
68 88 0
41 56 0
52 69 0
4 1 0
65 88 0
14 19 0
16 23 0
55 73 0
39 57 0
17 22 0
0 5 0
13 19 0
1 0 0
3 5 0
65 86 0
4 6 0
65 91 0
27 38 0
26 34 0
39 51 0
66 89 0
16 20 0
30 36 0
29 36 0
17 17 0
0 2 0
56 73 0
13 22 0
1 3 0
40 55 0
3 0 0
41 54 0
53 72 0
43 55 0
42 53 0
26 40 0
53 69 0
27 37 0
43 56 0
15 19 0
39 54 0
55 70 0
26 39 0
28 38 0
66 90 0
16 17 0
67 88 0
29 39 0
56 70 0
40 52 0
54 68 0
68 87 0
42 54 0
14 23 0
15 22 0
55 69 0
39 53 0
67 87 0
30 34 0
1 4 0
69 88 0
2 3 0
69 85 0
68 89 0
52 70 0
4 2 0
66 85 0
15 21 0
39 56 0
30 40 0
55 72 0
28 40 0
17 21 0
0 6 0
13 18 0
52 72 0
69 91 0
3 4 0
2 4 0
65 85 0
65 90 0
26 35 0
28 34 0
66 86 0
16 21 0
30 37 0
29 35 0
0 3 0
13 21 0
56 74 0
1 2 0
40 56 0
3 3 0
41 53 0
4 4 0
43 54 0
53 68 0
27 36 0
26 36 0
15 18 0
28 39 0
66 91 0
67 91 0
16 18 0
30 38 0
29 38 0
0 0 0
17 19 0
56 71 0
40 53 0
54 69 0
42 56 0
53 74 0
54 72 0
43 53 0
42 55 0
14 20 0
53 71 0
27 35 0
15 17 0
55 68 0
39 52 0
28 36 0
67 86 0
30 35 0
56 68 0
68 90 0
52 71 0
2 0 0
4 3 0
54 70 0
68 85 0
41 51 0

85 78 0
7 3 0
46 42 0
22 19 0
23 26 0
66 57 0
8 5 0
9 0 0
90 84 0
10 7 0
91 80 0
50 39 0
69 64 0
3 2 0
4 5 0
46 45 0
47 40 0
31 21 0
23 19 0
63 57 0
24 21 0
93 83 0
26 23 0
91 79 0
93 77 0
85 80 0
5 1 0
51 43 0
30 27 0
86 84 0
52 44 0
84 76 0
86 78 0
43 45 0
44 46 0
92 80 0
89 82 0
48 41 0
25 25 0
70 57 0
0 5 0
92 78 0
71 60 0
1 0 0
28 24 0
2 7 0
6 1 0
52 43 0
7 4 0
31 27 0
64 62 0
87 77 0
65 63 0
63 65 0
42 43 0
66 60 0
88 81 0
8 0 0
68 58 0
72 61 0
45 40 0
69 59 0
49 45 0
26 25 0
50 42 0
94 77 0
27 20 0
28 23 0
29 22 0
84 82 0
85 76 0
46 40 0
47 45 0
21 26 0
23 20 0
8 7 0
9 6 0
48 39 0
90 82 0
10 5 0
49 38 0
91 82 0
66 64 0
3 4 0
4 7 0
5 6 0
47 42 0
30 22 0
86 83 0
52 39 0
31 23 0
42 39 0
63 59 0
24 23 0
89 79 0
25 22 0
93 81 0
26 21 0
0 0 0
71 65 0
27 24 0
51 45 0
30 25 0
52 46 0
84 78 0
64 57 0
21 22 0
86 76 0
42 46 0
88 76 0
67 58 0
44 40 0
68 61 0
92 82 0
89 80 0
90 78 0
48 43 0
45 45 0
49 42 0
67 64 0
70 63 0
0 7 0
71 62 0
1 6 0
28 26 0
2 5 0
94 82 0
5 8 0
29 27 0
6 7 0
87 81 0
7 6 0
46 39 0
47 38 0
87 79 0
65 61 0
42 41 0
23 25 0
66 58 0
88 83 0
8 2 0
44 39 0
9 3 0
72 63 0
45 38 0
69 57 0
73 62 0
50 40 0
27 22 0
70 65 0
3 1 0
29 20 0
46 46 0
21 24 0
22 23 0
23 22 0
72 64 0
9 4 0
90 80 0
10 3 0
63 60 0
91 84 0
25 19 0
3 6 0
4 1 0
85 83 0
5 4 0
51 38 0
30 20 0
86 81 0
43 40 0
24 25 0
89 77 0
25 20 0
70 58 0
26 19 0
0 2 0
27 26 0
1 3 0
4 8 0
2 8 0
6 2 0
52 40 0
73 64 0
21 20 0
64 59 0
65 58 0
22 27 0
42 44 0
88 78 0
67 60 0
44 42 0
68 63 0
48 45 0
90 76 0
72 58 0
45 43 0
69 62 0
49 40 0
64 64 0
73 59 0
70 61 0
26 26 0
94 78 0
27 19 0
1 4 0
28 20 0
2 3 0
94 80 0
29 25 0
6 5 0
87 83 0
85 79 0
7 0 0
23 27 0
43 38 0
8 4 0
9 1 0
10 6 0
73 60 0
91 81 0
50 38 0
69 65 0
28 19 0
3 3 0
4 4 0
46 44 0
47 41 0
30 19 0
22 21 0
10 1 0
63 62 0
65 64 0
24 20 0
93 84 0
26 22 0
91 76 0
3 8 0
1 8 0
4 3 0
93 78 0
85 81 0
5 2 0
51 40 0
30 26 0
31 19 0
10 8 0
43 42 0
67 57 0
44 45 0
24 27 0
89 83 0
48 40 0
25 26 0
0 4 0
92 77 0
71 61 0
68 65 0
1 1 0
2 6 0
6 0 0
87 84 0
52 42 0
7 5 0
31 24 0
64 61 0
22 25 0
42 42 0
66 63 0
88 80 0
67 62 0
68 57 0
89 84 0
72 60 0
45 41 0
69 60 0
49 46 0
73 57 0
26 24 0
94 76 0
50 45 0
71 58 0
27 21 0
28 22 0
2 1 0
29 23 0
84 81 0
85 77 0
7 2 0
46 43 0
21 27 0
23 21 0
8 6 0
9 7 0
48 38 0
10 4 0
49 39 0
91 83 0
0 8 0
3 5 0
4 6 0
5 7 0
47 43 0
86 82 0
52 38 0
31 20 0
9 8 0
42 38 0
24 22 0
25 23 0
93 82 0
26 20 0
91 78 0
27 25 0
93 76 0
5 0 0
51 42 0
30 24 0
52 45 0
84 77 0
21 23 0
86 79 0
43 44 0
67 59 0
68 60 0
92 81 0
89 81 0
48 42 0
45 46 0
25 24 0
49 43 0
67 65 0
70 62 0
0 6 0
92 79 0
71 63 0
1 7 0
28 25 0
2 4 0
6 6 0
84 84 0
7 7 0
31 26 0
46 38 0
47 39 0
64 63 0
87 76 0
63 64 0
65 62 0
42 40 0
66 61 0
88 82 0
8 1 0
44 38 0
68 59 0
72 62 0
45 39 0
69 58 0
49 44 0
73 63 0
50 43 0
27 23 0
94 84 0
29 21 0
70 64 0
84 83 0
46 41 0
47 44 0
21 25 0
22 22 0
23 23 0
8 8 0
9 5 0
90 83 0
10 2 0
63 61 0
66 65 0
3 7 0
4 0 0
85 84 0
5 5 0
51 39 0
30 23 0
86 80 0
31 22 0
43 41 0
63 58 0
24 24 0
92 84 0
89 78 0
25 21 0
93 80 0
0 1 0
71 64 0
27 27 0
51 44 0
84 79 0
7 8 0
21 21 0
73 65 0
64 58 0
86 77 0
65 59 0
22 26 0
88 77 0
43 46 0
67 61 0
44 41 0
68 62 0
92 83 0
48 44 0
72 57 0
90 79 0
45 44 0
69 63 0
49 41 0
70 60 0
50 46 0
71 57 0
1 5 0
28 27 0
2 2 0
94 83 0
29 26 0
6 4 0
87 80 0
7 1 0
87 78 0
65 60 0
23 24 0
66 59 0
88 84 0
43 39 0
8 3 0
9 2 0
73 61 0
50 41 0
29 19 0
3 0 0
47 46 0
22 20 0
72 65 0
90 81 0
10 0 0
65 65 0
63 63 0
24 19 0
91 77 0
4 2 0
93 79 0
85 82 0
5 3 0
51 41 0
6 8 0
30 21 0
43 43 0
44 44 0
24 26 0
89 76 0
25 27 0
70 59 0
0 3 0
92 76 0
68 64 0
1 2 0
51 46 0
6 3 0
52 41 0
31 25 0
64 60 0
21 19 0
22 24 0
65 57 0
42 45 0
66 62 0
88 79 0
67 63 0
44 43 0
48 46 0
72 59 0
90 77 0
45 42 0
69 61 0
73 58 0
64 65 0
26 27 0
94 79 0
50 44 0
71 59 0
28 21 0
2 0 0
94 81 0
29 24 0
87 82 0
84 80 0

85 78 1
53 53 1
21 28 1
95 101 1
152 165 1
100 112 1
63 76 1
104 115 1
29 44 1
33 41 1
124 110 1
72 92 1
73 82 1
36 34 1
129 139 1
148 145 1
41 57 1
78 86 1
79 76 1
151 164 1
9 0 1
48 37 1
103 122 1
15 30 1
76 88 1
150 169 1
136 157 1
45 61 1
66 66 1
67 80 1
49 58 1
13 20 1
162 164 1
127 138 1
91 118 1
111 123 1
3 2 1
60 81 1
116 118 1
120 113 1
84 95 1
85 87 1
140 153 1
70 94 1
53 62 1
57 59 1
75 97 1
95 98 1
152 172 1
99 103 1
118 129 1
104 122 1
29 37 1
33 34 1
72 67 1
73 91 1
36 41 1
129 140 1
148 152 1
97 77 1
78 89 1
61 63 1
79 85 1
117 130 1
9 9 1
156 168 1
103 115 1
160 171 1
108 126 1
112 121 1
76 87 1
77 95 1
24 21 1
136 132 1
45 54 1
66 93 1
67 89 1
49 51 1
13 13 1
91 79 1
0 14 1
111 128 1
3 11 1
96 114 1
116 125 1
120 120 1
121 110 1
84 102 1
85 80 1
140 144 1
70 81 1
71 93 1
57 60 1
95 107 1
99 108 1
100 102 1
104 97 1
105 117 1
124 124 1
16 29 1
72 74 1
73 92 1
54 46 1
129 133 1
41 43 1
98 76 1
61 56 1
79 82 1
117 139 1
156 167 1
103 104 1
160 162 1
88 74 1
34 26 1
108 117 1
112 112 1
76 78 1
77 88 1
24 28 1
133 145 1
136 139 1
45 47 1
155 172 1
66 84 1
49 52 1
67 94 1
158 171 1
13 6 1
70 57 1
108 132 1
0 5 1
92 78 1
111 137 1
117 114 1
120 127 1
28 24 1
45 64 1
85 89 1
140 143 1
121 119 1
70 72 1
71 90 1
57 69 1
115 132 1
80 98 1
95 80 1
26 34 1
100 109 1
7 4 1
104 104 1
124 123 1
16 20 1
73 69 1
41 44 1
97 95 1
22 30 1
79 91 1
66 60 1
103 97 1
88 81 1
34 21 1
108 108 1
109 122 1
112 119 1
113 127 1
76 69 1
77 81 1
42 53 1
133 154 1
45 40 1
155 165 1
102 91 1
49 45 1
67 71 1
101 91 1
108 131 1
91 93 1
74 63 1
117 123 1
120 134 1
28 23 1
121 120 1
85 98 1
89 103 1
70 67 1
71 83 1
57 78 1
58 68 1
95 89 1
80 89 1
26 45 1
46 40 1
104 111 1
105 103 1
29 48 1
124 114 1
73 78 1
54 56 1
129 151 1
58 55 1
131 151 1
22 17 1
98 94 1
153 166 1
61 74 1
97 80 1
119 137 1
66 55 1
88 88 1
34 44 1
52 70 1
109 115 1
108 107 1
112 110 1
113 112 1
130 142 1
77 74 1
42 60 1
133 131 1
62 59 1
10 5 1
67 76 1
49 38 1
35 23 1
91 82 1
92 92 1
55 72 1
50 63 1
89 104 1
90 102 1
143 144 1
71 72 1
110 93 1
129 127 1
58 79 1
4 7 1
80 80 1
46 51 1
105 104 1
124 137 1
54 51 1
93 108 1
58 62 1
131 156 1
97 105 1
98 89 1
61 67 1
62 83 1
153 175 1
119 134 1
88 95 1
34 39 1
108 98 1
52 77 1
109 108 1
37 42 1
130 137 1
77 67 1
42 39 1
133 140 1
135 152 1
10 12 1
157 171 1
161 168 1
35 28 1
92 91 1
55 65 1
25 22 1
50 54 1
159 167 1
90 97 1
71 65 1
143 153 1
110 100 1
1 13 1
146 152 1
89 113 1
4 14 1
80 87 1
95 79 1
46 58 1
104 93 1
68 99 1
51 45 1
124 128 1
142 148 1
128 136 1
19 20 1
93 101 1
58 57 1
131 133 1
97 98 1
98 80 1
30 35 1
86 76 1
17 30 1
109 101 1
55 41 1
130 128 1
42 46 1
135 145 1
101 118 1
67 58 1
157 164 1
161 161 1
92 82 1
38 50 1
25 31 1
64 78 1
134 156 1
122 131 1
50 49 1
159 172 1
90 104 1
71 62 1
163 169 1
1 6 1
146 147 1
58 81 1
75 59 1
109 135 1
80 78 1
110 111 1
83 75 1
46 61 1
29 27 1
51 50 1
73 97 1
128 143 1
19 29 1
94 116 1
131 138 1
98 107 1
118 110 1
27 45 1
47 38 1
30 42 1
87 79 1
17 23 1
109 94 1
55 38 1
130 155 1
42 41 1
23 25 1
135 142 1
107 136 1
144 158 1
110 135 1
74 83 1
43 58 1
64 69 1
63 55 1
134 151 1
122 138 1
65 73 1
50 40 1
14 2 1
90 115 1
109 128 1
163 174 1
110 118 1
83 80 1
121 133 1
29 20 1
68 81 1
51 59 1
128 134 1
98 98 1
62 68 1
27 34 1
137 147 1
47 47 1
30 45 1
86 94 1
34 48 1
55 63 1
130 146 1
59 56 1
132 146 1
23 22 1
76 96 1
135 135 1
101 120 1
49 66 1
106 117 1
107 129 1
144 149 1
74 90 1
75 88 1
38 44 1
43 51 1
134 142 1
63 60 1
65 66 1
11 10 1
14 5 1
110 121 1
115 110 1
43 64 1
83 89 1
68 88 1
69 86 1
93 112 1
94 102 1
97 117 1
5 4 1
62 79 1
118 120 1
137 148 1
47 52 1
30 20 1
86 81 1
122 119 1
125 138 1
123 111 1
87 93 1
112 129 1
55 52 1
132 153 1
101 97 1
102 113 1
32 29 1
107 134 1
74 69 1
75 81 1
38 39 1
43 40 1
64 83 1
65 91 1
134 129 1
11 3 1
89 77 1
14 12 1
114 127 1
115 119 1
39 60 1
149 145 1
26 19 1
79 101 1
83 94 1
68 71 1
69 95 1
126 128 1
128 148 1
2 8 1
94 105 1
5 13 1
98 116 1
118 115 1
137 157 1
27 48 1
122 126 1
30 31 1
47 61 1
87 90 1
125 131 1
52 40 1
86 104 1
56 43 1
20 17 1
77 96 1
59 54 1
132 128 1
81 101 1
64 59 1
101 106 1
102 104 1
32 20 1
106 103 1
141 153 1
107 127 1
31 36 1
18 27 1
74 76 1
75 86 1
50 66 1
40 52 1
35 33 1
99 92 1
65 92 1
68 63 1
14 23 1
89 86 1
72 58 1
90 76 1
114 118 1
115 124 1
149 154 1
79 98 1
26 26 1
44 64 1
83 103 1
39 53 1
123 140 1
68 78 1
69 88 1
126 139 1
56 67 1
2 3 1
94 80 1
76 62 1
119 120 1
137 134 1
47 58 1
123 125 1
86 99 1
87 83 1
52 55 1
122 121 1
56 50 1
20 24 1
96 89 1
59 79 1
132 143 1
81 94 1
82 100 1
28 40 1
102 99 1
32 43 1
106 110 1
141 146 1
107 116 1
35 38 1
18 18 1
31 45 1
75 79 1
40 59 1
147 151 1
43 38 1
8 4 1
100 93 1
65 85 1
89 95 1
90 87 1
145 157 1
53 65 1
14 30 1
114 113 1
39 50 1
149 163 1
44 63 1
48 58 1
123 133 1
88 97 1
69 65 1
56 74 1
93 91 1
94 91 1
137 143 1
119 113 1
123 114 1
87 104 1
52 62 1
91 109 1
56 57 1
111 102 1
114 134 1
59 68 1
60 78 1
96 80 1
81 87 1
82 95 1
28 39 1
138 150 1
32 34 1
31 42 1
106 105 1
107 109 1
35 47 1
75 68 1
147 156 1
113 137 1
40 34 1
60 61 1
116 130 1
8 11 1
63 80 1
90 94 1
145 150 1
53 74 1
54 72 1
39 43 1
149 172 1
44 54 1
48 49 1
88 104 1
69 74 1
56 81 1
93 84 1
139 148 1
87 97 1
91 98 1
92 108 1
111 111 1
114 129 1
96 87 1
60 69 1
6 9 1
82 86 1
81 72 1
138 145 1
31 19 1
107 98 1
40 41 1
113 130 1
95 118 1
116 137 1
99 115 1
33 30 1
90 89 1
54 67 1
44 45 1
48 40 1
12 6 1
88 111 1
150 156 1
136 144 1
27 28 1
86 116 1
127 135 1
92 107 1
111 116 1
96 110 1
59 82 1
6 0 1
82 81 1
136 127 1
84 74 1
138 152 1
32 48 1
31 24 1
53 43 1
74 96 1
21 18 1
99 120 1
65 56 1
63 70 1
33 23 1
72 86 1
36 36 1
41 55 1
78 76 1
151 174 1
44 36 1
154 171 1
48 47 1
88 118 1
69 60 1
73 57 1
94 76 1
41 64 1
150 151 1
136 151 1
27 21 1
66 72 1
13 26 1
162 170 1
91 112 1
127 140 1
92 98 1
111 125 1
96 101 1
77 61 1
82 72 1
84 81 1
85 77 1
53 52 1
21 27 1
95 100 1
152 166 1
39 65 1
99 97 1
100 113 1
63 79 1
104 116 1
29 43 1
33 40 1
124 111 1
72 93 1
73 81 1
36 35 1
129 138 1
148 146 1
41 56 1
78 87 1
79 79 1
151 167 1
9 7 1
48 38 1
103 117 1
15 25 1
76 89 1
150 174 1
136 158 1
45 60 1
66 67 1
49 57 1
67 83 1
13 19 1
162 165 1
0 8 1
111 122 1
3 5 1
60 82 1
116 119 1
117 111 1
120 114 1
84 88 1
85 86 1
140 154 1
70 95 1
53 61 1
57 58 1
75 96 1
95 109 1
152 173 1
99 102 1
118 134 1
100 120 1
29 36 1
105 115 1
33 33 1
72 68 1
73 90 1
36 42 1
129 131 1
148 153 1
97 76 1
78 94 1
61 62 1
79 84 1
117 129 1
9 8 1
156 169 1
103 114 1
160 172 1
108 127 1
112 122 1
76 80 1
77 94 1
24 22 1
42 64 1
133 151 1
136 133 1
45 53 1
150 161 1
66 90 1
67 88 1
49 50 1
158 161 1
13 12 1
91 78 1
92 112 1
111 131 1
3 10 1
96 115 1
116 126 1
120 121 1
84 103 1
85 95 1
140 145 1
70 86 1
71 92 1
57 67 1
95 106 1
99 111 1
100 103 1
7 14 1
104 98 1
105 116 1
124 125 1
16 30 1
72 75 1
73 67 1
54 47 1
129 132 1
41 42 1
98 77 1
61 55 1
79 93 1
117 138 1
103 107 1
160 163 1
51 65 1
34 27 1
108 118 1
88 75 1
112 113 1
76 79 1
77 87 1
24 29 1
133 144 1
136 140 1
45 46 1
155 175 1
66 85 1
67 65 1
49 43 1
158 168 1
13 5 1
70 62 1
108 133 1
0 6 1
92 79 1
111 136 1
117 113 1
120 128 1
28 25 1
121 118 1
85 88 1
70 73 1
71 85 1
57 68 1
95 83 1
115 135 1
80 99 1
26 35 1
7 7 1
100 110 1
46 38 1
104 105 1
124 116 1
16 21 1
73 68 1
54 38 1
131 145 1
97 94 1
22 31 1
79 90 1
66 61 1
103 96 1
88 82 1
108 109 1
109 121 1
37 39 1
113 126 1
76 70 1
77 80 1
42 50 1
133 153 1
45 39 1
155 164 1
67 70 1
49 44 1
91 92 1
74 60 1
117 122 1
120 135 1
121 127 1
85 97 1
89 102 1
70 64 1
71 82 1
57 77 1
58 69 1
95 88 1
80 90 1
26 42 1
46 41 1
105 102 1
124 115 1
73 77 1
54 57 1
129 150 1
131 150 1
22 22 1
98 95 1
153 165 1
61 73 1
97 87 1
119 136 1
88 89 1
52 71 1
108 100 1
109 114 1
34 45 1
112 111 1
113 119 1
130 143 1
77 73 1
42 61 1
133 130 1
62 56 1
10 2 1
67 79 1
35 22 1
91 85 1
92 93 1
55 75 1
50 60 1
89 111 1
90 103 1
143 147 1
71 75 1
110 98 1
1 11 1
58 76 1
129 126 1
4 0 1
80 81 1
146 158 1
46 48 1
105 111 1
124 138 1
51 39 1
72 96 1
142 146 1
54 48 1
93 107 1
58 63 1
97 104 1
98 86 1
61 66 1
153 174 1
62 80 1
119 129 1
137 127 1
86 74 1
34 36 1
108 99 1
52 78 1
109 107 1
37 41 1
130 134 1
77 66 1
42 36 1
133 139 1
135 155 1
10 13 1
157 170 1
161 175 1
35 31 1
92 84 1
55 64 1
25 21 1
134 154 1
64 72 1
50 55 1
89 112 1
90 110 1
159 166 1
71 64 1
110 101 1
1 12 1
143 152 1
146 153 1
163 163 1
95 78 1
80 72 1
130 127 1
46 59 1
104 94 1
51 44 1
124 129 1
142 149 1
128 137 1
19 23 1
93 100 1
94 114 1
131 132 1
97 97 1
22 32 1
98 81 1
30 32 1
86 77 1
17 29 1
109 100 1
55 40 1
130 129 1
42 47 1
135 144 1
101 117 1
67 61 1
157 163 1
144 152 1
92 83 1
25 30 1
64 79 1
122 128 1
50 46 1
159 175 1
90 105 1
71 57 1
163 168 1
146 144 1
75 58 1
109 134 1
1 5 1
110 108 1
80 79 1
83 74 1
121 131 1
29 26 1
51 53 1
69 99 1
142 156 1
73 96 1
128 128 1
19 28 1
94 117 1
131 141 1
98 104 1
61 84 1
62 66 1
118 111 1
27 44 1
30 43 1
87 78 1
17 22 1
109 93 1
130 152 1
132 148 1
23 24 1
135 137 1
110 132 1
74 80 1
38 42 1
40 64 1
43 61 1
134 148 1
64 70 1
65 72 1
122 139 1
50 41 1
14 3 1
90 112 1
110 119 1
83 83 1
121 132 1
29 19 1
68 82 1
51 58 1
128 135 1
93 118 1
97 115 1
98 99 1
62 69 1
27 37 1
137 146 1
47 46 1
86 95 1
34 49 1
55 62 1
130 147 1
59 59 1
132 147 1
23 17 1
76 97 1
135 134 1
101 103 1
49 65 1
106 114 1
107 128 1
144 150 1
35 50 1
74 91 1
75 91 1
38 45 1
43 50 1
134 143 1
63 63 1
65 65 1
11 13 1
14 10 1
89 75 1
110 126 1
115 113 1
149 151 1
83 88 1
68 89 1
69 85 1
2 14 1
93 79 1
94 103 1
97 116 1
5 3 1
62 76 1
118 121 1
137 155 1
122 116 1
30 21 1
86 86 1
123 110 1
125 137 1
87 92 1
47 55 1
112 130 1
55 55 1
96 76 1
132 154 1
81 99 1
101 96 1
102 118 1
32 30 1
107 121 1
74 66 1
75 80 1
38 36 1
43 43 1
134 134 1
64 84 1
65 90 1
11 2 1
89 76 1
14 13 1
114 124 1
115 118 1
39 63 1
79 100 1
149 144 1
83 97 1
68 64 1
69 94 1
126 129 1
128 149 1
2 9 1
94 110 1
5 12 1
98 117 1
118 112 1
137 156 1
122 127 1
30 28 1
47 60 1
87 85 1
125 130 1
52 41 1
86 105 1
56 44 1
20 18 1
59 73 1
132 129 1
81 100 1
64 60 1
101 105 1
102 105 1
32 21 1
106 100 1
141 152 1
31 39 1
107 126 1
18 24 1
74 77 1
75 73 1
35 32 1
50 67 1
147 145 1
40 53 1
99 95 1
65 83 1
68 56 1
14 20 1
90 77 1
89 85 1
145 155 1
53 71 1
72 59 1
114 119 1
115 127 1
149 153 1
39 52 1
26 27 1
44 65 1
83 102 1
103 91 1
68 79 1
69 71 1
126 136 1
56 68 1
2 0 1
94 81 1
76 63 1
119 123 1
137 133 1
139 153 1
123 124 1
86 96 1
87 82 1
52 48 1
56 51 1
20 25 1
96 90 1
59 78 1
132 136 1
81 93 1
82 101 1
28 41 1
102 96 1
32 44 1
106 111 1
141 145 1
107 119 1
35 41 1
18 19 1
31 44 1
75 78 1
40 60 1
147 150 1
116 132 1
8 5 1
100 94 1
65 84 1
89 94 1
90 84 1
145 156 1
53 64 1
14 31 1
39 45 1
114 110 1
149 162 1
44 56 1
48 59 1
123 132 1
88 98 1
69 64 1
56 75 1
93 90 1
94 88 1
137 142 1
119 112 1
139 158 1
123 117 1
87 107 1
52 63 1
91 108 1
56 58 1
111 97 1
114 135 1
96 81 1
60 79 1
59 71 1
81 86 1
82 92 1
131 127 1
28 32 1
138 151 1
32 35 1
31 21 1
107 108 1
35 46 1
75 71 1
113 136 1
40 35 1
60 62 1
116 131 1
8 12 1
63 83 1
90 95 1
53 73 1
145 149 1
54 73 1
39 42 1
149 171 1
44 55 1
154 166 1
48 50 1
12 8 1
88 105 1
69 73 1
56 82 1
93 83 1
150 154 1
139 151 1
86 114 1
87 96 1
91 101 1
92 109 1
111 110 1
96 104 1
60 70 1
81 79 1
6 14 1
82 87 1
84 76 1
138 158 1
107 101 1
40 42 1
113 129 1
95 113 1
60 53 1
116 138 1
99 114 1
33 29 1
72 80 1
53 82 1
54 64 1
39 35 1
78 74 1
44 46 1
154 161 1
48 41 1
12 7 1
88 112 1
150 157 1
136 145 1
27 31 1
66 78 1
86 117 1
127 134 1
92 100 1
111 119 1
96 111 1
6 1 1
82 78 1
84 75 1
138 153 1
31 27 1
70 98 1
53 42 1
74 97 1
21 17 1
65 63 1
63 65 1
33 22 1
72 87 1
36 37 1
148 148 1
41 54 1
78 77 1
151 169 1
44 37 1
154 168 1
69 59 1
15 19 1
94 77 1
150 148 1
136 152 1
27 20 1
66 73 1
13 25 1
87 118 1
162 171 1
91 115 1
92 99 1
111 124 1
96 102 1
77 60 1
60 84 1
82 73 1
84 82 1
85 76 1
140 156 1
53 51 1
21 26 1
95 103 1
152 167 1
39 64 1
99 96 1
100 114 1
63 78 1
104 117 1
29 42 1
33 47 1
72 94 1
73 80 1
36 44 1
54 82 1
129 137 1
148 147 1
41 63 1
78 84 1
79 78 1
151 166 1
9 6 1
117 135 1
48 39 1
103 116 1
15 24 1
76 90 1
150 175 1
45 59 1
66 64 1
67 82 1
49 56 1
13 18 1
162 162 1
0 9 1
111 133 1
3 4 1
60 83 1
116 112 1
117 110 1
120 115 1
84 89 1
85 85 1
140 155 1
70 92 1
53 60 1
57 57 1
75 99 1
95 108 1
152 174 1
99 105 1
118 135 1
29 35 1
105 114 1
33 32 1
16 24 1
72 69 1
73 89 1
36 43 1
129 130 1
148 154 1
78 95 1
61 61 1
117 128 1
79 87 1
156 170 1
103 109 1
160 173 1
108 120 1
112 123 1
76 81 1
77 93 1
24 23 1
42 65 1
133 150 1
150 166 1
45 52 1
155 169 1
66 91 1
67 91 1
49 49 1
158 166 1
13 11 1
136 134 1
0 0 1
92 113 1
111 130 1
3 13 1
96 116 1
116 127 1
117 119 1
120 122 1
84 96 1
85 94 1
140 146 1
70 87 1
71 95 1
57 66 1
115 129 1
95 85 1
99 110 1
100 96 1
7 9 1
104 99 1
124 126 1
16 31 1
72 76 1
73 66 1
54 44 1
129 155 1
41 41 1
79 92 1
117 137 1
61 54 1
156 161 1
103 106 1
160 164 1
51 64 1
88 76 1
108 119 1
109 127 1
34 24 1
112 114 1
76 72 1
77 86 1
24 30 1
136 141 1
45 45 1
155 174 1
66 82 1
67 64 1
49 42 1
158 169 1
13 4 1
70 63 1
108 134 1
0 7 1
117 112 1
120 129 1
28 26 1
121 117 1
85 103 1
70 78 1
71 84 1
57 75 1
95 82 1
115 134 1
80 100 1
26 32 1
7 6 1
100 111 1
46 39 1
104 106 1
124 117 1
16 22 1
73 75 1
54 39 1
129 156 1
131 144 1
97 93 1
22 28 1
153 163 1
61 79 1
66 58 1
103 99 1
88 83 1
34 19 1
108 110 1
109 120 1
37 38 1
113 125 1
76 71 1
77 79 1
42 51 1
133 152 1
45 38 1
155 167 1
67 73 1
91 95 1
74 61 1
55 77 1
117 121 1
120 136 1
121 126 1
65 99 1
85 96 1
89 101 1
70 65 1
143 149 1
71 77 1
57 76 1
58 66 1
95 91 1
80 91 1
26 43 1
46 46 1
105 101 1
124 140 1
73 76 1
54 62 1
129 149 1
58 53 1
131 153 1
22 23 1
98 92 1
153 164 1
61 72 1
97 86 1
119 139 1
88 90 1
34 42 1
108 101 1
109 113 1
52 64 1
37 47 1
113 118 1
130 140 1
77 72 1
42 58 1
133 129 1
62 57 1
10 3 1
67 78 1
35 25 1
91 84 1
92 94 1
55 74 1
25 19 1
50 61 1
89 110 1
90 100 1
143 146 1
71 74 1
110 99 1
1 10 1
58 77 1
129 125 1
4 1 1
80 82 1
46 49 1
105 110 1
51 38 1
124 139 1
142 147 1
72 97 1
54 49 1
19 17 1
93 106 1
58 60 1
97 111 1
98 87 1
61 65 1
153 173 1
62 81 1
119 128 1
86 75 1
34 37 1
17 27 1
52 79 1
109 106 1
37 40 1
113 111 1
130 135 1
77 65 1
42 37 1
133 138 1
135 154 1
10 10 1
157 169 1
67 55 1
161 174 1
35 30 1
92 85 1
55 67 1
25 20 1
134 155 1
64 73 1
122 134 1
50 52 1
159 161 1
90 111 1
71 67 1
143 155 1
146 150 1
110 106 1
1 3 1
163 162 1
4 8 1
80 73 1
46 56 1
104 95 1
51 47 1
124 130 1
142 154 1
128 138 1
19 22 1
93 99 1
94 115 1
131 135 1
97 96 1
98 110 1
22 33 1
30 33 1
17 28 1
109 99 1
55 43 1
42 44 1
135 147 1
101 116 1
67 60 1
157 162 1
161 167 1
144 153 1
74 86 1
110 130 1
38 48 1
25 29 1
64 64 1
134 146 1
122 129 1
50 47 1
159 174 1
90 118 1
163 171 1
146 145 1
75 61 1
109 133 1
1 4 1
110 109 1
83 77 1
121 130 1
29 25 1
68 84 1
51 52 1
69 98 1
142 157 1
128 129 1
19 31 1
131 140 1
98 105 1
61 83 1
62 67 1
27 47 1
30 40 1
17 21 1
130 153 1
132 149 1
23 27 1
135 136 1
144 144 1
110 133 1
55 81 1
38 43 1
74 81 1
40 65 1
43 60 1
134 149 1
64 71 1
65 79 1
122 136 1
50 38 1
14 0 1
90 113 1
110 116 1
83 82 1
121 139 1
68 83 1
51 61 1
128 152 1
93 117 1
97 114 1
98 96 1
62 74 1
27 36 1
137 145 1
119 111 1
47 41 1
30 19 1
86 92 1
55 57 1
130 144 1
59 58 1
76 98 1
132 156 1
135 129 1
101 102 1
49 64 1
32 24 1
106 115 1
107 131 1
144 151 1
31 48 1
74 88 1
75 90 1
38 34 1
43 53 1
134 140 1
63 62 1
65 64 1
11 12 1
14 11 1
89 74 1
110 127 1
115 112 1
78 100 1
149 150 1
26 22 1
83 91 1
47 65 1
68 90 1
69 84 1
93 78 1
94 100 1
24 32 1
5 2 1
62 77 1
118 126 1
137 154 1
122 117 1
30 26 1
86 87 1
87 95 1
125 136 1
47 54 1
56 38 1
112 131 1
20 20 1
96 77 1
55 54 1
132 155 1
77 101 1
81 98 1
101 111 1
102 119 1
32 31 1
106 122 1
107 120 1
141 158 1
18 30 1
74 67 1
75 83 1
38 37 1
43 42 1
134 135 1
65 89 1
11 5 1
14 18 1
89 83 1
114 125 1
115 121 1
39 62 1
26 17 1
83 96 1
103 93 1
68 65 1
69 93 1
123 137 1
126 134 1
128 150 1
2 6 1
94 111 1
5 11 1
98 114 1
118 113 1
119 125 1
137 131 1
47 63 1
30 29 1
86 110 1
87 84 1
125 129 1
52 42 1
122 124 1
56 45 1
20 19 1
59 72 1
132 130 1
81 91 1
64 61 1
101 104 1
102 110 1
50 64 1
106 101 1
141 151 1
32 22 1
35 35 1
18 25 1
74 74 1
31 38 1
75 72 1
107 113 1
40 54 1
147 144 1
99 94 1
65 82 1
68 57 1
14 21 1
89 84 1
145 154 1
53 70 1
72 60 1
90 74 1
114 116 1
115 126 1
149 152 1
39 55 1
26 24 1
68 72 1
69 70 1
126 137 1
56 69 1
2 1 1
94 86 1
119 122 1
137 132 1
139 152 1
123 127 1
86 97 1
87 109 1
52 49 1
66 98 1
56 52 1
20 26 1
96 91 1
59 65 1
132 137 1
81 92 1
82 98 1
28 42 1
102 97 1
32 45 1
106 108 1
141 144 1
107 118 1
35 40 1
31 47 1
75 65 1
40 61 1
147 153 1
116 133 1
8 6 1
100 95 1
14 28 1
90 85 1
53 79 1
145 147 1
89 93 1
39 44 1
114 111 1
149 161 1
44 57 1
48 60 1
123 135 1
88 99 1
69 79 1
56 76 1
93 89 1
94 89 1
119 115 1
137 141 1
139 145 1
123 116 1
87 106 1
52 56 1
91 111 1
56 59 1
111 96 1
114 132 1
96 82 1
60 72 1
59 70 1
81 85 1
82 93 1
28 33 1
138 148 1
32 36 1
31 20 1
107 111 1
53 39 1
75 70 1
40 36 1
147 158 1
60 63 1
8 13 1
63 82 1
33 27 1
90 92 1
53 72 1
54 78 1
145 148 1
36 48 1
39 37 1
149 170 1
44 48 1
154 167 1
48 51 1
12 9 1
88 106 1
69 72 1
93 82 1
150 155 1
27 25 1
139 150 1
86 115 1
87 99 1
91 100 1
92 110 1
111 105 1
96 105 1
60 71 1
132 127 1
81 78 1
82 84 1
84 77 1
106 94 1
107 100 1
31 29 1
40 43 1
21 23 1
113 128 1
95 112 1
60 54 1
99 117 1
116 139 1
33 28 1
72 81 1
53 81 1
54 65 1
39 34 1
78 75 1
44 47 1
154 174 1
48 42 1
12 0 1
88 113 1
15 21 1
150 146 1
136 146 1
27 30 1
66 79 1
139 143 1
13 31 1
127 129 1
92 101 1
111 118 1
96 96 1
6 6 1
82 79 1
84 84 1
31 26 1
107 93 1
70 99 1
53 41 1
152 161 1
100 116 1
65 62 1
63 64 1
118 138 1
33 21 1
72 88 1
36 38 1
148 149 1
41 53 1
78 82 1
151 168 1
44 38 1
154 169 1
69 58 1
15 18 1
73 63 1
76 92 1
150 149 1
136 153 1
27 23 1
66 70 1
13 24 1
87 113 1
162 168 1
91 114 1
111 127 1
96 103 1
77 59 1
84 83 1
85 75 1
140 157 1
70 90 1
53 50 1
57 55 1
21 25 1
95 102 1
152 168 1
99 99 1
100 115 1
65 55 1
63 73 1
104 118 1
29 41 1
33 46 1
72 95 1
73 87 1
36 45 1
129 136 1
148 156 1
41 62 1
78 85 1
151 161 1
117 134 1
9 5 1
79 73 1
156 172 1
103 119 1
15 27 1
76 91 1
24 17 1
150 172 1
136 128 1
45 58 1
66 65 1
67 85 1
49 63 1
13 17 1
162 163 1
0 10 1
111 132 1
3 7 1
116 113 1
120 116 1
84 90 1
85 84 1
140 148 1
70 93 1
71 97 1
53 59 1
57 56 1
75 98 1
95 111 1
152 175 1
99 104 1
118 132 1
48 64 1
29 34 1
105 113 1
33 39 1
16 25 1
72 70 1
73 88 1
54 42 1
129 129 1
148 155 1
41 39 1
78 92 1
61 60 1
79 86 1
9 14 1
156 171 1
103 108 1
160 174 1
34 30 1
108 121 1
112 124 1
76 82 1
77 92 1
24 24 1
150 167 1
133 149 1
136 135 1
45 51 1
155 168 1
66 88 1
67 90 1
49 48 1
158 167 1
13 10 1
108 136 1
0 1 1
92 114 1
3 12 1
96 117 1
116 120 1
117 118 1
120 123 1
28 28 1
84 97 1
121 115 1
140 147 1
85 93 1
70 84 1
71 94 1
57 65 1
115 128 1
95 84 1
26 38 1
100 97 1
7 8 1
104 100 1
105 122 1
124 127 1
72 77 1
73 65 1
54 45 1
129 154 1
41 40 1
22 26 1
97 91 1
79 95 1
117 136 1
61 53 1
156 162 1
103 101 1
88 77 1
160 165 1
34 25 1
108 112 1
109 126 1
51 67 1
112 115 1
113 123 1
76 73 1
77 85 1
24 31 1
136 142 1
45 44 1
101 95 1
155 161 1
67 67 1
66 83 1
158 174 1
13 3 1
70 60 1
49 41 1
91 89 1
108 135 1
117 127 1
120 130 1
28 27 1
121 116 1
85 102 1
89 99 1
70 79 1
71 87 1
57 74 1
115 137 1
95 93 1
80 101 1
26 33 1
100 104 1
7 1 1
46 36 1
104 107 1
105 99 1
124 118 1
16 23 1
73 74 1
129 147 1
131 147 1
22 29 1
97 92 1
153 162 1
61 78 1
66 59 1
103 98 1
88 84 1
108 111 1
109 119 1
37 37 1
113 124 1
76 64 1
77 78 1
42 48 1
133 135 1
62 55 1
45 37 1
155 166 1
102 94 1
67 72 1
35 19 1
91 94 1
74 58 1
55 76 1
117 120 1
120 137 1
121 125 1
65 98 1
89 100 1
70 70 1
143 148 1
71 76 1
58 67 1
95 90 1
80 92 1
26 40 1
46 47 1
105 100 1
124 141 1
54 63 1
129 148 1
131 152 1
22 20 1
98 93 1
153 171 1
61 71 1
97 85 1
119 138 1
133 127 1
88 91 1
34 43 1
108 102 1
109 112 1
52 65 1
37 46 1
113 117 1
130 141 1
77 71 1
42 59 1
133 128 1
62 62 1
135 156 1
10 0 1
157 175 1
35 24 1
91 87 1
92 95 1
55 69 1
25 18 1
50 58 1
89 109 1
90 101 1
71 69 1
143 157 1
110 96 1
1 9 1
58 74 1
146 156 1
4 2 1
80 83 1
46 54 1
105 109 1
124 132 1
51 41 1
72 98 1
142 144 1
54 54 1
93 105 1
58 61 1
131 129 1
97 110 1
98 84 1
61 64 1
153 172 1
119 131 1
52 72 1
108 93 1
17 26 1
109 105 1
55 45 1
113 110 1
34 34 1
77 64 1
130 132 1
133 137 1
135 149 1
10 11 1
157 168 1
161 173 1
92 86 1
55 66 1
25 27 1
134 152 1
64 74 1
122 135 1
50 53 1
89 118 1
90 108 1
71 66 1
143 154 1
146 151 1
163 165 1
110 107 1
1 2 1
4 9 1
80 74 1
46 57 1
29 31 1
51 46 1
124 131 1
142 155 1
128 139 1
19 25 1
93 98 1
94 112 1
131 134 1
97 103 1
98 111 1
27 41 1
30 38 1
17 19 1
109 98 1
55 42 1
42 45 1
23 29 1
135 146 1
101 115 1
67 63 1
157 161 1
161 166 1
144 154 1
110 131 1
74 87 1
38 49 1
25 28 1
64 65 1
134 147 1
50 44 1
159 169 1
71 59 1
163 170 1
110 114 1
75 60 1
109 132 1
83 76 1
121 129 1
29 24 1
105 95 1
68 85 1
69 97 1
46 64 1
51 55 1
128 130 1
19 30 1
131 143 1
97 120 1
98 102 1
61 82 1
62 64 1
27 46 1
30 41 1
86 90 1
17 20 1
130 150 1
76 100 1
132 150 1
23 26 1
135 139 1
102 122 1
144 145 1
74 94 1
55 80 1
38 40 1
43 63 1
134 138 1
65 78 1
122 137 1
50 39 1
14 1 1
110 117 1
78 98 1
83 85 1
121 138 1
68 92 1
51 60 1
128 153 1
93 116 1
94 98 1
97 113 1
98 97 1
62 75 1
27 39 1
137 144 1
119 110 1
47 40 1
86 93 1
55 56 1
130 145 1
59 61 1
76 99 1
23 19 1
135 128 1
101 101 1
32 25 1
106 112 1
107 130 1
74 89 1
75 93 1
38 35 1
43 52 1
134 141 1
63 57 1
65 71 1
14 8 1
110 124 1
115 115 1
149 149 1
78 101 1
26 23 1
83 90 1
47 64 1
68 91 1
69 83 1
128 144 1
2 12 1
93 77 1
94 101 1
24 33 1
5 1 1
98 120 1
118 127 1
137 153 1
47 49 1
30 27 1
86 84 1
122 114 1
52 44 1
125 135 1
87 94 1
56 39 1
112 132 1
20 21 1
96 78 1
77 100 1
132 132 1
55 49 1
81 97 1
101 110 1
102 116 1
141 157 1
107 123 1
126 126 1
18 31 1
74 64 1
75 82 1
40 48 1
43 45 1
134 132 1
65 88 1
11 4 1
14 19 1
89 82 1
114 122 1
115 120 1
39 57 1
149 158 1
26 30 1
83 99 1
123 136 1
68 66 1
69 92 1
103 92 1
126 135 1
128 151 1
2 7 1
94 108 1
5 10 1
98 115 1
118 118 1
119 124 1
137 130 1
122 125 1
47 62 1
86 111 1
87 87 1
52 43 1
125 128 1
123 121 1
56 46 1
20 28 1
111 93 1
59 75 1
132 131 1
23 33 1
81 90 1
64 62 1
28 44 1
102 111 1
50 65 1
106 98 1
31 33 1
141 150 1
32 23 1
18 22 1
74 75 1
75 75 1
35 34 1
107 112 1
40 55 1
147 147 1
127 125 1
8 0 1
65 81 1
68 58 1
14 26 1
72 61 1
145 153 1
53 69 1
89 91 1
90 75 1
114 117 1
149 167 1
39 54 1
26 25 1
123 129 1
68 73 1
69 69 1
56 70 1
93 95 1
94 87 1
76 57 1
119 117 1
137 139 1
139 155 1
123 126 1
86 102 1
87 108 1
52 50 1
66 99 1
91 105 1
56 53 1
20 27 1
96 92 1
59 64 1
132 138 1
81 83 1
82 99 1
28 43 1
102 102 1
32 46 1
106 109 1
107 105 1
31 46 1
35 43 1
18 17 1
141 143 1
75 64 1
40 62 1
147 152 1
116 134 1
8 7 1
63 84 1
89 92 1
90 82 1
53 78 1
145 146 1
14 29 1
39 47 1
114 108 1
44 58 1
48 61 1
123 134 1
88 100 1
69 78 1
56 77 1
93 88 1
94 94 1
119 114 1
137 140 1
139 144 1
123 119 1
87 101 1
52 57 1
91 110 1
56 60 1
111 99 1
114 133 1
96 83 1
60 73 1
81 84 1
82 90 1
28 34 1
138 149 1
32 37 1
31 23 1
107 110 1
53 38 1
40 37 1
60 56 1
8 14 1
33 26 1
90 93 1
54 79 1
36 49 1
39 36 1
149 169 1
44 49 1
154 164 1
48 52 1
12 10 1
88 107 1
69 55 1
93 81 1
150 152 1
27 24 1
67 97 1
86 112 1
87 98 1
91 103 1
92 111 1
111 104 1
96 106 1
60 64 1
81 77 1
82 85 1
6 12 1
84 78 1
138 156 1
106 95 1
107 103 1
31 28 1
53 47 1
74 100 1
40 44 1
21 22 1
95 115 1
60 55 1
113 135 1
99 116 1
33 19 1
72 82 1
53 80 1
54 70 1
41 51 1
78 72 1
44 40 1
154 175 1
48 43 1
12 1 1
88 114 1
15 20 1
150 147 1
136 147 1
27 17 1
66 76 1
139 142 1
13 30 1
162 174 1
127 128 1
92 102 1
111 113 1
96 97 1
116 108 1
6 7 1
82 76 1
28 48 1
84 85 1
70 96 1
53 40 1
21 31 1
95 120 1
152 162 1
100 117 1
65 61 1
63 67 1
104 112 1
29 47 1
118 139 1
33 20 1
72 89 1
36 39 1
148 150 1
41 52 1
78 83 1
151 171 1
44 39 1
9 3 1
103 121 1
69 57 1
15 29 1
73 62 1
76 93 1
150 170 1
136 154 1
27 22 1
66 71 1
13 23 1
87 112 1
162 169 1
91 117 1
127 137 1
111 126 1
3 1 1
77 58 1
96 120 1
120 110 1
138 142 1
85 74 1
84 92 1
140 158 1
70 91 1
53 49 1
57 54 1
21 24 1
95 97 1
152 169 1
99 98 1
118 130 1
63 72 1
104 119 1
29 40 1
33 45 1
72 64 1
73 86 1
36 46 1
54 80 1
129 143 1
148 157 1
41 61 1
78 90 1
79 72 1
117 133 1
9 4 1
156 173 1
103 118 1
160 168 1
15 26 1
76 84 1
24 18 1
150 173 1
136 129 1
45 57 1
66 94 1
49 62 1
67 84 1
0 11 1
92 116 1
111 135 1
3 6 1
116 114 1
120 117 1
84 91 1
85 83 1
140 149 1
70 82 1
71 96 1
53 58 1
57 63 1
75 101 1
21 33 1
95 110 1
99 107 1
118 133 1
48 65 1
29 33 1
105 112 1
33 38 1
16 26 1
72 71 1
73 95 1
54 43 1
129 128 1
41 38 1
78 93 1
61 59 1
79 81 1
9 13 1
156 164 1
103 111 1
160 175 1
34 31 1
108 122 1
112 125 1
37 50 1
76 83 1
77 91 1
24 25 1
150 164 1
133 148 1
136 136 1
45 50 1
155 171 1
66 89 1
67 93 1
49 55 1
158 164 1
13 9 1
70 58 1
108 137 1
0 2 1
92 115 1
96 118 1
116 121 1
117 117 1
120 124 1
28 29 1
84 98 1
121 114 1
85 92 1
70 85 1
71 89 1
57 64 1
115 131 1
95 87 1
26 39 1
100 98 1
7 11 1
104 101 1
105 121 1
124 120 1
16 17 1
72 78 1
73 64 1
129 153 1
41 47 1
22 27 1
97 90 1
79 94 1
156 163 1
103 100 1
88 78 1
160 166 1
34 22 1
108 113 1
109 125 1
51 66 1
112 116 1
113 122 1
76 74 1
77 84 1
42 54 1
136 143 1
45 43 1
101 94 1
66 80 1
67 66 1
49 40 1
13 2 1
158 175 1
70 61 1
108 128 1
91 88 1
117 126 1
120 131 1
28 20 1
121 123 1
85 101 1
89 98 1
70 76 1
71 86 1
57 73 1
115 136 1
95 92 1
26 46 1
7 0 1
100 105 1
46 37 1
104 108 1
105 98 1
33 48 1
125 127 1
124 119 1
73 73 1
129 146 1
131 146 1
22 18 1
97 83 1
153 161 1
61 77 1
66 56 1
88 85 1
108 104 1
109 118 1
37 36 1
113 115 1
76 65 1
77 77 1
42 49 1
133 134 1
45 36 1
10 6 1
102 95 1
67 75 1
91 81 1
74 59 1
55 79 1
120 138 1
28 19 1
65 97 1
121 124 1
89 107 1
70 71 1
143 151 1
71 79 1
110 94 1
57 82 1
58 64 1
4 4 1
80 93 1
26 41 1
46 44 1
105 107 1
142 142 1
54 60 1
93 111 1
131 155 1
22 21 1
97 84 1
153 170 1
61 70 1
98 90 1
119 133 1
88 92 1
34 40 1
108 103 1
109 111 1
52 66 1
37 45 1
113 116 1
130 138 1
77 70 1
42 56 1
133 143 1
62 63 1
10 1 1
157 174 1
161 171 1
35 27 1
91 86 1
92 88 1
55 68 1
25 17 1
50 59 1
89 108 1
90 98 1
71 68 1
143 156 1
110 97 1
1 8 1
58 75 1
146 157 1
4 3 1
80 84 1
26 48 1
46 55 1
105 108 1
68 96 1
124 133 1
51 40 1
142 145 1
72 99 1
54 55 1
19 19 1
93 104 1
58 58 1
131 128 1
97 109 1
98 85 1
134 127 1
119 130 1
52 73 1
108 94 1
17 25 1
109 104 1
55 44 1
34 35 1
130 133 1
113 109 1
133 136 1
135 148 1
10 8 1
157 167 1
67 57 1
161 172 1
92 87 1
25 26 1
134 153 1
64 75 1
122 132 1
50 50 1
159 163 1
90 109 1
71 61 1
163 164 1
110 104 1
146 148 1
1 1 1
89 117 1
4 10 1
80 75 1
58 82 1
46 62 1
29 30 1
51 49 1
142 152 1
128 140 1
19 24 1
93 97 1
94 113 1
131 137 1
97 102 1
98 108 1
27 40 1
47 37 1
30 39 1
52 80 1
17 18 1
109 97 1
130 156 1
42 42 1
23 28 1
135 141 1
101 114 1
67 62 1
161 165 1
144 155 1
110 128 1
74 84 1
43 57 1
64 66 1
134 144 1
50 45 1
159 168 1
90 116 1
71 58 1
109 131 1
163 173 1
75 63 1
110 115 1
83 79 1
121 128 1
46 65 1
105 94 1
68 86 1
69 96 1
29 23 1
51 54 1
73 101 1
128 131 1
94 120 1
131 142 1
98 103 1
61 81 1
62 65 1
27 33 1
30 46 1
86 91 1
87 75 1
130 151 1
76 101 1
132 151 1
23 21 1
135 138 1
106 118 1
144 146 1
74 95 1
38 41 1
43 62 1
134 139 1
65 77 1
11 9 1
14 6 1
110 122 1
115 109 1
78 99 1
83 84 1
121 137 1
68 93 1
51 63 1
128 154 1
93 115 1
94 99 1
97 112 1
5 7 1
62 72 1
27 38 1
137 151 1
47 43 1
86 82 1
125 141 1
52 38 1
55 59 1
59 60 1
23 18 1
135 131 1
101 100 1
102 114 1
32 26 1
106 113 1
107 133 1
74 70 1
75 92 1
43 55 1
64 80 1
63 56 1
65 70 1
11 14 1
134 130 1
14 9 1
110 125 1
115 114 1
149 148 1
26 20 1
83 93 1
47 67 1
68 68 1
69 82 1
128 145 1
2 13 1
94 106 1
93 76 1
5 0 1
118 124 1
137 152 1
47 48 1
30 24 1
86 85 1
87 89 1
52 45 1
125 134 1
122 115 1
56 40 1
112 133 1
20 22 1
96 79 1
77 99 1
132 133 1
59 53 1
81 96 1
64 56 1
55 48 1
101 109 1
102 117 1
106 120 1
141 156 1
107 122 1
126 127 1
18 28 1
74 65 1
75 85 1
40 49 1
43 44 1
99 91 1
134 133 1
65 95 1
11 7 1
68 60 1
89 81 1
114 123 1
115 123 1
39 56 1
79 97 1
26 31 1
149 157 1
83 98 1
103 95 1
68 67 1
69 91 1
123 139 1
126 132 1
56 64 1
2 4 1
94 109 1
98 112 1
5 9 1
118 119 1
119 127 1
137 129 1
47 57 1
123 120 1
86 108 1
87 86 1
52 52 1
122 122 1
56 47 1
20 29 1
59 74 1
132 140 1
23 32 1
81 89 1
64 63 1
28 45 1
102 108 1
32 40 1
106 99 1
31 32 1
141 149 1
35 37 1
18 23 1
107 115 1
75 74 1
74 72 1
40 56 1
147 146 1
43 37 1
8 1 1
65 80 1
68 59 1
89 90 1
72 62 1
145 152 1
53 68 1
14 27 1
114 114 1
149 166 1
39 49 1
44 60 1
123 128 1
68 74 1
69 68 1
56 71 1
93 94 1
94 84 1
76 58 1
119 116 1
66 96 1
139 154 1
123 113 1
86 103 1
87 111 1
52 51 1
137 138 1
91 104 1
56 54 1
111 101 1
96 93 1
59 67 1
132 139 1
81 82 1
82 96 1
28 36 1
102 103 1
32 47 1
31 41 1
107 104 1
106 106 1
35 42 1
141 142 1
75 67 1
40 63 1
147 155 1
116 135 1
8 8 1
135 127 1
90 83 1
53 77 1
145 145 1
39 46 1
114 109 1
149 175 1
44 59 1
48 62 1
12 12 1
88 101 1
69 77 1
56 78 1
93 87 1
94 95 1
139 147 1
123 118 1
87 100 1
52 58 1
91 97 1
56 61 1
111 98 1
114 130 1
96 84 1
60 74 1
81 75 1
6 10 1
82 91 1
28 35 1
138 146 1
32 38 1
31 22 1
107 97 1
40 38 1
95 117 1
60 57 1
33 25 1
90 90 1
54 76 1
36 50 1
39 39 1
149 168 1
44 50 1
154 165 1
48 53 1
12 11 1
88 108 1
128 125 1
93 80 1
150 153 1
27 27 1
67 96 1
86 113 1
91 102 1
92 104 1
111 107 1
96 107 1
59 81 1
60 65 1
25 33 1
81 76 1
82 82 1
6 13 1
84 79 1
138 157 1
31 31 1
107 102 1
53 46 1
74 101 1
40 45 1
21 21 1
95 114 1
113 134 1
99 119 1
65 59 1
63 69 1
72 83 1
54 71 1
41 50 1
78 73 1
151 173 1
44 41 1
154 172 1
48 44 1
12 2 1
88 115 1
69 63 1
15 23 1
150 144 1
136 148 1
66 77 1
13 29 1
162 175 1
127 131 1
92 103 1
111 112 1
96 98 1
116 109 1
6 4 1
82 77 1
84 86 1
107 95 1
70 97 1
53 55 1
21 30 1
152 163 1
118 136 1
65 60 1
63 66 1
104 113 1
100 118 1
29 46 1
33 43 1
72 90 1
148 151 1
41 59 1
78 80 1
151 170 1
9 2 1
103 120 1
69 56 1
15 28 1
73 61 1
76 94 1
150 171 1
136 155 1
45 63 1
66 68 1
13 22 1
87 115 1
162 166 1
91 116 1
127 136 1
111 121 1
3 0 1
77 57 1
116 116 1
120 111 1
138 143 1
84 93 1
70 88 1
53 48 1
57 53 1
95 96 1
152 170 1
99 101 1
118 131 1
63 75 1
104 120 1
29 39 1
33 44 1
72 65 1
73 85 1
36 47 1
54 81 1
129 142 1
148 158 1
41 60 1
97 79 1
78 91 1
79 75 1
151 163 1
9 11 1
117 132 1
156 174 1
103 113 1
160 169 1
108 124 1
76 85 1
24 19 1
150 162 1
136 130 1
45 56 1
66 95 1
67 87 1
49 61 1
158 162 1
162 161 1
91 77 1
92 117 1
0 12 1
111 134 1
96 112 1
3 9 1
116 115 1
120 118 1
84 100 1
85 82 1
140 150 1
70 83 1
53 57 1
71 99 1
57 62 1
75 100 1
21 32 1
95 105 1
99 106 1
100 100 1
7 13 1
48 66 1
29 32 1
105 119 1
33 37 1
16 27 1
72 72 1
73 94 1
54 40 1
129 135 1
41 37 1
98 78 1
79 80 1
61 58 1
9 12 1
156 165 1
103 110 1
34 28 1
108 123 1
112 126 1
37 49 1
76 76 1
77 90 1
24 26 1
150 165 1
133 147 1
136 137 1
45 49 1
155 170 1
66 86 1
67 92 1
49 54 1
158 165 1
13 8 1
70 59 1
0 3 1
92 76 1
3 14 1
96 119 1
116 122 1
117 116 1
120 125 1
28 30 1
84 99 1
121 113 1
85 91 1
70 74 1
71 88 1
57 71 1
115 130 1
95 86 1
80 96 1
26 36 1
100 99 1
7 10 1
104 102 1
105 120 1
124 121 1
16 18 1
72 79 1
73 71 1
129 152 1
41 46 1
22 24 1
97 89 1
79 89 1
66 62 1
103 103 1
88 79 1
160 167 1
34 23 1
108 114 1
109 124 1
112 117 1
113 121 1
76 75 1
77 83 1
42 55 1
133 156 1
45 42 1
101 93 1
155 163 1
49 47 1
67 69 1
158 172 1
66 81 1
13 1 1
108 129 1
91 91 1
117 125 1
120 132 1
28 21 1
121 122 1
85 100 1
89 97 1
70 77 1
71 81 1
57 72 1
58 70 1
95 95 1
115 139 1
26 47 1
100 106 1
7 3 1
46 42 1
104 109 1
105 97 1
124 112 1
125 126 1
73 72 1
54 58 1
129 145 1
131 149 1
22 19 1
97 82 1
61 76 1
66 57 1
88 86 1
52 68 1
108 105 1
109 117 1
34 46 1
37 35 1
113 114 1
76 66 1
77 76 1
42 62 1
112 108 1
133 133 1
10 7 1
102 92 1
67 74 1
35 21 1
91 80 1
55 78 1
65 96 1
120 139 1
89 106 1
70 68 1
143 150 1
71 78 1
110 95 1
57 81 1
58 65 1
4 5 1
80 94 1
46 45 1
105 106 1
142 143 1
54 61 1
93 110 1
131 154 1
97 107 1
98 91 1
153 169 1
61 69 1
119 132 1
88 93 1
34 41 1
108 96 1
109 110 1
52 67 1
37 44 1
130 139 1
77 69 1
42 57 1
133 142 1
62 60 1
10 14 1
157 173 1
161 170 1
35 26 1
92 89 1
55 71 1
50 56 1
159 165 1
90 99 1
71 71 1
89 115 1
110 102 1
146 154 1
58 72 1
4 12 1
80 85 1
95 77 1
46 52 1
68 97 1
124 134 1
51 43 1
142 150 1
54 52 1
19 18 1
93 103 1
58 59 1
131 131 1
97 108 1
98 82 1
62 84 1
86 78 1
52 74 1
108 95 1
17 24 1
109 103 1
55 47 1
34 32 1
130 130 1
113 108 1
135 151 1
10 9 1
157 166 1
67 56 1
161 163 1
92 80 1
25 25 1
64 76 1
122 133 1
50 51 1
159 162 1
90 106 1
71 60 1
163 167 1
146 149 1
75 57 1
89 116 1
110 105 1
4 11 1
80 76 1
1 0 1
109 137 1
46 63 1
29 29 1
51 48 1
142 153 1
73 99 1
128 141 1
19 27 1
93 96 1
94 118 1
131 136 1
97 101 1
98 109 1
27 43 1
47 36 1
30 36 1
87 77 1
52 81 1
17 17 1
109 96 1
42 43 1
23 31 1
135 140 1
101 113 1
161 164 1
144 156 1
74 85 1
110 129 1
43 56 1
134 145 1
64 67 1
65 75 1
50 42 1
159 171 1
90 117 1
109 130 1
163 172 1
75 62 1
110 112 1
83 78 1
121 135 1
29 22 1
105 93 1
68 87 1
51 57 1
73 100 1
128 132 1
98 100 1
61 80 1
62 70 1
27 32 1
47 45 1
122 110 1
86 88 1
87 74 1
30 47 1
34 50 1
55 61 1
112 136 1
130 148 1
132 144 1
23 20 1
135 133 1
102 120 1
106 119 1
144 147 1
35 49 1
74 92 1
110 136 1
38 46 1
55 82 1
43 49 1
134 136 1
65 76 1
11 8 1
14 7 1
110 123 1
115 108 1
78 96 1
83 87 1
121 136 1
68 94 1
51 62 1
128 155 1
93 114 1
94 96 1
97 119 1
5 6 1
62 73 1
118 122 1
137 150 1
47 42 1
30 22 1
86 83 1
125 140 1
52 39 1
55 58 1
59 63 1
135 130 1
101 99 1
102 115 1
32 27 1
107 132 1
74 71 1
75 95 1
43 54 1
64 81 1
63 59 1
65 69 1
11 1 1
134 131 1
89 79 1
14 14 1
115 117 1
149 147 1
26 21 1
83 92 1
47 66 1
68 69 1
69 81 1
126 130 1
128 146 1
2 10 1
94 107 1
98 118 1
118 125 1
47 51 1
30 25 1
122 112 1
87 88 1
52 46 1
125 133 1
86 106 1
56 41 1
112 134 1
20 23 1
55 51 1
77 98 1
132 134 1
81 103 1
64 57 1
101 108 1
102 106 1
106 121 1
141 155 1
107 125 1
18 29 1
74 78 1
75 84 1
40 50 1
43 47 1
65 94 1
11 6 1
68 61 1
14 17 1
89 80 1
90 78 1
114 120 1
115 122 1
149 156 1
79 96 1
26 28 1
39 59 1
83 101 1
103 94 1
123 138 1
69 90 1
68 76 1
126 133 1
56 65 1
2 5 1
94 82 1
76 60 1
5 8 1
98 113 1
118 116 1
119 126 1
137 128 1
47 56 1
123 123 1
86 109 1
87 81 1
52 53 1
122 123 1
56 48 1
20 30 1
111 95 1
59 77 1
132 141 1
81 88 1
82 102 1
28 46 1
102 109 1
32 41 1
106 96 1
141 148 1
107 114 1
35 36 1
18 20 1
74 73 1
75 77 1
31 35 1
40 57 1
127 127 1
147 149 1
43 36 1
8 2 1
65 87 1
14 24 1
89 89 1
72 63 1
53 67 1
114 115 1
149 165 1
39 48 1
44 61 1
48 56 1
123 131 1
68 75 1
69 67 1
126 140 1
56 72 1
93 93 1
94 85 1
76 59 1
119 119 1
66 97 1
139 157 1
123 112 1
86 100 1
87 110 1
52 60 1
137 137 1
91 107 1
56 55 1
111 100 1
114 136 1
59 66 1
60 76 1
96 94 1
81 81 1
64 55 1
82 97 1
28 37 1
102 100 1
32 32 1
31 40 1
107 107 1
106 107 1
35 45 1
75 66 1
147 154 1
116 128 1
8 9 1
90 80 1
53 76 1
54 74 1
145 144 1
39 41 1
149 174 1
44 52 1
48 63 1
12 13 1
88 102 1
69 76 1
56 79 1
93 86 1
94 92 1
139 146 1
87 103 1
52 59 1
91 96 1
56 62 1
111 109 1
114 131 1
96 85 1
60 75 1
81 74 1
6 11 1
82 88 1
138 147 1
32 39 1
107 96 1
40 39 1
95 116 1
60 58 1
99 113 1
33 24 1
90 91 1
54 77 1
39 38 1
44 51 1
154 162 1
48 54 1
12 4 1
88 109 1
128 126 1
150 158 1
27 26 1
67 99 1
86 118 1
127 133 1
92 105 1
111 106 1
96 108 1
59 80 1
60 66 1
25 32 1
6 2 1
82 83 1
138 154 1
106 93 1
31 30 1
53 45 1
74 98 1
40 46 1
21 20 1
113 133 1
99 118 1
65 58 1
63 68 1
72 84 1
54 68 1
41 49 1
78 78 1
151 172 1
44 42 1
154 173 1
48 45 1
12 3 1
88 116 1
69 62 1
15 22 1
73 59 1
94 78 1
150 145 1
136 149 1
27 19 1
66 74 1
13 28 1
87 117 1
162 172 1
127 130 1
92 96 1
111 115 1
96 99 1
77 63 1
116 110 1
6 5 1
82 74 1
84 87 1
85 79 1
107 94 1
53 54 1
21 29 1
152 164 1
118 137 1
100 119 1
63 77 1
104 114 1
29 45 1
33 42 1
72 91 1
73 83 1
148 144 1
41 58 1
78 81 1
79 77 1
151 165 1
9 1 1
48 36 1
15 31 1
73 60 1
76 95 1
150 168 1
136 156 1
45 62 1
66 69 1
49 59 1
67 81 1
13 21 1
87 114 1
162 167 1
127 139 1
111 120 1
3 3 1
60 80 1
116 117 1
120 112 1
84 94 1
140 152 1
70 89 1
53 63 1
95 99 1
152 171 1
99 100 1
118 128 1
63 74 1
104 121 1
29 38 1
33 35 1
72 66 1
73 84 1
36 40 1
129 141 1
97 78 1
78 88 1
79 74 1
151 162 1
117 131 1
9 10 1
156 175 1
103 112 1
160 170 1
108 125 1
112 120 1
76 86 1
24 20 1
150 163 1
136 131 1
45 55 1
66 92 1
67 86 1
49 60 1
158 163 1
13 14 1
91 76 1
92 118 1
0 13 1
111 129 1
3 8 1
96 113 1
116 124 1
120 119 1
121 111 1
84 101 1
85 81 1
140 151 1
70 80 1
71 98 1
53 56 1
57 61 1
95 104 1
99 109 1
100 101 1
7 12 1
48 67 1
104 96 1
105 118 1
33 36 1
16 28 1
72 73 1
73 93 1
54 41 1
129 134 1
41 36 1
98 79 1
61 57 1
79 83 1
156 166 1
103 105 1
160 161 1
34 29 1
108 116 1
112 127 1
37 48 1
76 77 1
77 89 1
24 27 1
133 146 1
136 138 1
45 48 1
155 173 1
66 87 1
67 95 1
49 53 1
158 170 1
13 7 1
0 4 1
92 77 1
116 123 1
117 115 1
120 126 1
28 31 1
45 65 1
85 90 1
140 142 1
121 112 1
70 75 1
71 91 1
57 70 1
115 133 1
80 97 1
95 81 1
26 37 1
7 5 1
100 108 1
104 103 1
124 122 1
16 19 1
73 70 1
41 45 1
22 25 1
97 88 1
79 88 1
66 63 1
103 102 1
88 80 1
34 20 1
108 115 1
109 123 1
112 118 1
113 120 1
76 68 1
77 82 1
42 52 1
133 155 1
45 41 1
155 162 1
101 92 1
49 46 1
67 68 1
158 173 1
13 0 1
108 130 1
91 90 1
74 62 1
117 124 1
120 133 1
28 22 1
121 121 1
85 99 1
89 96 1
70 66 1
71 80 1
57 79 1
58 71 1
115 138 1
80 88 1
95 94 1
26 44 1
100 107 1
7 2 1
46 43 1
104 110 1
105 96 1
124 113 1
125 125 1
73 79 1
54 59 1
129 144 1
58 54 1
131 148 1
97 81 1
153 167 1
61 75 1
30 48 1
88 87 1
52 69 1
108 106 1
109 116 1
34 47 1
37 34 1
113 113 1
76 67 1
77 75 1
42 63 1
112 109 1
133 132 1
62 58 1
10 4 1
102 93 1
67 77 1
49 39 1
35 20 1
91 83 1
74 57 1
55 73 1
50 62 1
89 105 1
70 69 1
143 145 1
71 73 1
57 80 1
58 78 1
4 6 1
80 95 1
46 50 1
105 105 1
124 136 1
54 50 1
93 109 1
97 106 1
98 88 1
153 168 1
61 68 1
62 82 1
119 135 1
88 94 1
34 38 1
108 97 1
52 76 1
109 109 1
37 43 1
130 136 1
77 68 1
42 38 1
133 141 1
62 61 1
135 153 1
157 172 1
161 169 1
35 29 1
92 90 1
55 70 1
25 23 1
50 57 1
159 164 1
90 96 1
71 70 1
89 114 1
110 103 1
1 14 1
146 155 1
58 73 1
4 13 1
95 76 1
80 86 1
143 158 1
163 161 1
46 53 1
68 98 1
124 135 1
51 42 1
142 151 1
54 53 1
19 21 1
93 102 1
58 56 1
131 130 1
97 99 1
98 83 1
30 34 1
86 79 1
52 75 1
17 31 1
109 102 1
34 33 1
55 46 1
130 131 1
135 150 1
101 119 1
67 59 1
157 165 1
161 162 1
92 81 1
25 24 1
64 77 1
122 130 1
50 48 1
159 173 1
90 107 1
71 63 1
163 166 1
1 7 1
146 146 1
58 80 1
110 110 1
109 136 1
80 77 1
46 60 1
29 28 1
51 51 1
142 158 1
73 98 1
128 142 1
19 26 1
94 119 1
131 139 1
97 100 1
98 106 1
27 42 1
47 39 1
30 37 1
87 76 1
52 82 1
109 95 1
55 39 1
130 154 1
42 40 1
23 30 1
135 143 1
101 112 1
107 137 1
144 157 1
110 134 1
74 82 1
43 59 1
134 150 1
64 68 1
65 74 1
50 43 1
159 170 1
90 114 1
109 129 1
110 113 1
163 175 1
83 81 1
121 134 1
29 21 1
68 80 1
51 56 1
128 133 1
98 101 1
62 71 1
27 35 1
47 44 1
122 111 1
86 89 1
30 44 1
55 60 1
112 137 1
130 149 1
59 57 1
132 145 1
23 23 1
135 132 1
102 121 1
49 67 1
106 116 1
144 148 1
35 48 1
74 93 1
75 89 1
38 47 1
110 137 1
43 48 1
134 137 1
63 61 1
65 67 1
11 11 1
14 4 1
110 120 1
115 111 1
78 97 1
43 65 1
83 86 1
68 95 1
69 87 1
128 156 1
93 113 1
94 97 1
97 118 1
5 5 1
62 78 1
118 123 1
137 149 1
122 118 1
30 23 1
86 80 1
47 53 1
125 139 1
112 128 1
55 53 1
59 62 1
132 152 1
101 98 1
102 112 1
32 28 1
107 135 1
74 68 1
75 94 1
38 38 1
43 41 1
64 82 1
63 58 1
65 68 1
11 0 1
134 128 1
68 55 1
89 78 1
114 126 1
115 116 1
39 61 1
149 146 1
26 18 1
83 95 1
68 70 1
69 80 1
126 131 1
128 147 1
2 11 1
94 104 1
5 14 1
98 119 1
118 114 1
137 158 1
47 50 1
30 30 1
122 113 1
87 91 1
52 47 1
125 132 1
86 107 1
56 42 1
112 135 1
55 50 1
59 55 1
77 97 1
132 135 1
81 102 1
64 58 1
101 107 1
102 107 1
32 19 1
106 102 1
141 154 1
31 37 1
107 124 1
18 26 1
74 79 1
75 87 1
40 51 1
126 125 1
43 46 1
99 93 1
65 93 1
68 62 1
89 87 1
14 22 1
90 79 1
72 57 1
114 121 1
115 125 1
149 155 1
79 99 1
26 29 1
39 58 1
83 100 1
123 141 1
68 77 1
69 89 1
126 138 1
56 66 1
2 2 1
94 83 1
76 61 1
118 117 1
119 121 1
137 135 1
47 59 1
123 122 1
86 98 1
87 80 1
52 54 1
122 120 1
56 49 1
20 31 1
96 88 1
59 76 1
132 142 1
111 94 1
81 95 1
82 103 1
28 47 1
102 98 1
32 42 1
106 97 1
141 147 1
107 117 1
35 39 1
18 21 1
31 34 1
75 76 1
40 58 1
147 148 1
127 126 1
43 39 1
8 3 1
100 92 1
65 86 1
14 25 1
90 86 1
89 88 1
53 66 1
145 158 1
114 112 1
149 164 1
39 51 1
44 62 1
48 57 1
123 130 1
88 96 1
69 66 1
126 141 1
56 73 1
93 92 1
94 90 1
119 118 1
137 136 1
139 156 1
123 115 1
86 101 1
87 105 1
52 61 1
91 106 1
56 56 1
111 103 1
96 95 1
59 69 1
60 77 1
114 137 1
81 80 1
82 94 1
28 38 1
102 101 1
32 33 1
106 104 1
31 43 1
107 106 1
35 44 1
75 69 1
147 157 1
60 60 1
116 129 1
8 10 1
100 91 1
63 81 1
90 81 1
145 151 1
54 75 1
53 75 1
39 40 1
149 173 1
44 53 1
48 48 1
12 14 1
88 103 1
69 75 1
56 80 1
93 85 1
94 93 1
139 149 1
87 102 1
91 99 1
56 63 1
111 108 1
114 128 1
96 86 1
60 68 1
6 8 1
82 89 1
81 73 1
138 144 1
107 99 1
40 40 1
113 131 1
95 119 1
60 59 1
116 136 1
99 112 1
33 31 1
90 88 1
54 66 1
44 44 1
154 163 1
48 55 1
12 5 1
88 110 1
128 127 1
27 29 1
67 98 1
127 132 1
92 106 1
111 117 1
96 109 1
60 67 1
6 3 1
82 80 1
138 155 1
31 25 1
53 44 1
74 99 1
40 47 1
21 19 1
113 132 1
65 57 1
63 71 1
72 85 1
54 69 1
41 48 1
78 79 1
151 175 1
44 43 1
154 170 1
48 46 1
88 117 1
69 61 1
15 17 1
73 58 1
94 79 1
41 65 1
150 150 1
136 150 1
27 18 1
66 75 1
13 27 1
87 116 1
162 173 1
91 113 1
127 141 1
92 97 1
111 114 1
96 100 1
77 62 1
116 111 1
82 75 1
84 80 1

