24 30 0
38 50 0
76 91 0
25 31 0
10 17 0
64 78 0
49 63 0
63 76 0
90 104 0
50 60 0
37 48 0
62 78 0
77 89 0
10 18 0
23 35 0
64 75 0
12 17 0
62 80 0
90 109 0
89 106 0
51 60 0
75 94 0
36 50 0
62 75 0
77 92 0
88 108 0
76 93 0
50 64 0
90 110 0
37 44 0
51 59 0
75 93 0
10 14 0
25 33 0
11 15 0
77 95 0
88 105 0
11 16 0
36 46 0
37 47 0
24 33 0
38 44 0
24 31 0
25 30 0
64 79 0
49 62 0
63 79 0
90 105 0
50 61 0
89 110 0
62 79 0
10 19 0
76 89 0
23 34 0
64 76 0
12 18 0
90 106 0
50 62 0
89 105 0
51 63 0
37 50 0
77 91 0
88 109 0
10 20 0
76 94 0
11 20 0
23 33 0
50 65 0
23 31 0
75 92 0
36 48 0
10 15 0
25 32 0
64 80 0
11 14 0
77 94 0
11 19 0
88 106 0
63 75 0
12 20 0
36 47 0
49 65 0
37 46 0
24 34 0
38 45 0
75 91 0
25 35 0
38 48 0
25 29 0
12 14 0
49 61 0
63 78 0
89 109 0
36 44 0
51 65 0
38 46 0
62 76 0
24 29 0
10 16 0
76 90 0
64 77 0
12 19 0
63 77 0
90 107 0
50 63 0
89 104 0
51 62 0
37 49 0
77 90 0
88 110 0
76 95 0
23 32 0
64 74 0
12 16 0
49 59 0
90 108 0
23 30 0
89 107 0
51 61 0
75 95 0
36 49 0
62 74 0
77 93 0
11 18 0
76 92 0
88 107 0
63 74 0
49 64 0
23 29 0
63 80 0
37 45 0
75 90 0
24 35 0
25 34 0
38 49 0
12 15 0
88 104 0
11 17 0
49 60 0
50 59 0
89 108 0
36 45 0
51 64 0
75 89 0
24 32 0
38 47 0
62 77 0

43 48 0
57 61 0
14 17 0
99 109 0
15 20 0
97 109 0
69 77 0
100 112 0
13 17 0
99 115 0
56 65 0
98 113 0
70 78 0
71 84 0
54 67 0
56 61 0
44 45 0
26 32 0
100 111 0
14 18 0
28 35 0
58 63 0
12 17 0
29 34 0
83 96 0
13 20 0
28 31 0
71 78 0
58 65 0
98 114 0
29 30 0
96 110 0
84 95 0
41 52 0
42 51 0
97 113 0
30 29 0
44 50 0
55 64 0
14 15 0
86 93 0
54 61 0
28 32 0
16 19 0
15 14 0
83 95 0
41 45 0
69 80 0
85 96 0
71 77 0
68 81 0
85 93 0
84 97 0
58 66 0
86 100 0
70 84 0
43 52 0
42 52 0
57 65 0
30 30 0
27 34 0
16 13 0
15 16 0
82 97 0
86 94 0
54 62 0
15 13 0
72 77 0
55 63 0
40 45 0
13 13 0
16 16 0
30 32 0
96 114 0
69 83 0
85 99 0
42 47 0
72 83 0
40 51 0
71 80 0
43 46 0
41 50 0
86 97 0
70 81 0
43 51 0
44 52 0
27 33 0
82 98 0
12 13 0
26 29 0
100 113 0
83 100 0
13 16 0
68 77 0
99 114 0
56 66 0
40 48 0
70 79 0
54 64 0
72 80 0
43 45 0
56 62 0
70 82 0
86 98 0
44 46 0
26 33 0
57 63 0
14 19 0
97 111 0
12 18 0
29 33 0
69 79 0
26 30 0
83 99 0
13 19 0
27 31 0
99 113 0
98 115 0
29 29 0
96 111 0
42 48 0
97 112 0
44 51 0
26 34 0
100 109 0
55 67 0
82 93 0
98 109 0
28 33 0
16 20 0
30 36 0
29 36 0
83 94 0
28 29 0
84 98 0
68 82 0
58 67 0
98 116 0
84 93 0
57 64 0
97 115 0
30 31 0
44 48 0
15 19 0
16 14 0
98 110 0
86 95 0
82 94 0
54 63 0
16 17 0
72 78 0
30 33 0
12 20 0
55 62 0
40 46 0
41 47 0
83 93 0
96 115 0
69 82 0
85 98 0
72 84 0
40 52 0
54 68 0
71 83 0
85 95 0
58 68 0
41 49 0
43 50 0
57 67 0
27 32 0
99 111 0
82 99 0
12 14 0
100 114 0
13 15 0
30 34 0
55 61 0
68 78 0
56 67 0
96 112 0
72 81 0
40 49 0
54 65 0
68 84 0
84 100 0
56 63 0
97 116 0
70 83 0
86 99 0
44 47 0
43 49 0
57 62 0
14 16 0
58 61 0
97 110 0
82 100 0
29 32 0
12 19 0
69 78 0
26 31 0
83 98 0
13 18 0
27 30 0
99 112 0
56 64 0
98 112 0
54 66 0
57 68 0
42 49 0
26 35 0
100 110 0
55 66 0
14 13 0
28 34 0
58 62 0
12 16 0
29 35 0
100 116 0
83 97 0
27 29 0
28 30 0
71 79 0
84 99 0
68 83 0
58 64 0
29 31 0
96 109 0
84 94 0
42 50 0
97 114 0
44 49 0
26 36 0
16 15 0
14 14 0
98 111 0
55 65 0
15 18 0
27 36 0
82 95 0
15 15 0
16 18 0
72 79 0
40 47 0
41 46 0
96 116 0
69 81 0
42 45 0
85 97 0
71 82 0
68 80 0
84 96 0
85 94 0
41 48 0
57 66 0
14 20 0
27 35 0
99 110 0
15 17 0
55 68 0
82 96 0
12 15 0
28 36 0
100 115 0
13 14 0
30 35 0
68 79 0
99 116 0
56 68 0
96 113 0
85 100 0
42 46 0
69 84 0
72 82 0
40 50 0
70 77 0
71 81 0
43 47 0
41 51 0
70 80 0
86 96 0

158 193 1
147 176 1
189 224 1
118 142 1
63 76 1
142 174 1
104 130 1
103 122 1
76 88 1
150 169 1
136 157 1
137 164 1
156 192 1
67 80 1
49 58 1
158 185 1
91 118 1
92 120 1
111 123 1
84 95 1
53 62 1
75 97 1
100 127 1
104 122 1
142 177 1
131 160 1
78 89 1
108 126 1
37 54 1
76 87 1
77 95 1
162 191 1
92 119 1
111 128 1
96 114 1
84 102 1
159 195 1
70 81 1
146 180 1
95 107 1
190 224 1
48 68 1
105 117 1
148 167 1
41 43 1
117 139 1
77 88 1
24 28 1
66 84 1
157 192 1
108 132 1
162 182 1
146 175 1
80 98 1
26 34 1
118 147 1
105 126 1
129 158 1
148 174 1
41 44 1
22 30 1
79 91 1
117 148 1
171 202 1
151 179 1
156 190 1
174 197 1
160 185 1
106 135 1
51 71 1
109 122 1
37 56 1
42 53 1
150 178 1
133 154 1
144 178 1
108 131 1
164 189 1
120 134 1
138 166 1
89 103 1
146 166 1
115 141 1
80 89 1
129 151 1
148 181 1
131 151 1
61 74 1
172 211 1
119 137 1
156 181 1
174 204 1
175 198 1
52 70 1
150 181 1
135 163 1
67 76 1
105 129 1
144 169 1
55 72 1
134 162 1
120 141 1
138 161 1
50 63 1
89 104 1
159 190 1
90 102 1
163 187 1
115 146 1
124 137 1
93 108 1
131 156 1
22 40 1
62 83 1
172 202 1
119 134 1
175 207 1
160 183 1
37 42 1
132 165 1
136 160 1
135 152 1
162 195 1
55 65 1
134 165 1
120 148 1
89 113 1
80 87 1
22 35 1
173 205 1
42 46 1
101 118 1
144 167 1
38 50 1
25 31 1
64 78 1
134 156 1
90 104 1
109 135 1
94 116 1
98 107 1
61 85 1
173 198 1
119 148 1
103 133 1
130 155 1
101 127 1
157 189 1
161 186 1
107 136 1
163 193 1
110 135 1
38 53 1
134 151 1
65 73 1
122 138 1
90 115 1
145 177 1
109 128 1
170 203 1
68 81 1
51 59 1
124 150 1
93 119 1
27 34 1
103 130 1
161 194 1
55 63 1
76 96 1
101 120 1
102 126 1
49 66 1
157 182 1
106 117 1
107 129 1
35 51 1
74 90 1
75 88 1
38 44 1
187 220 1
122 149 1
145 170 1
110 121 1
78 102 1
121 142 1
68 88 1
69 86 1
128 157 1
93 112 1
97 117 1
62 79 1
125 138 1
112 129 1
184 217 1
77 103 1
132 153 1
106 124 1
107 134 1
187 213 1
188 221 1
64 83 1
79 101 1
83 94 1
121 151 1
176 209 1
94 105 1
24 37 1
98 116 1
137 157 1
184 224 1
185 214 1
77 96 1
23 36 1
81 101 1
50 66 1
107 127 1
40 52 1
39 53 1
79 98 1
83 103 1
176 200 1
123 140 1
68 78 1
69 88 1
56 67 1
185 223 1
186 215 1
114 143 1
81 94 1
82 100 1
28 40 1
189 219 1
190 219 1
65 85 1
53 65 1
39 50 1
48 58 1
176 207 1
87 104 1
52 62 1
125 149 1
91 109 1
185 224 1
186 222 1
114 134 1
82 95 1
28 39 1
35 47 1
63 80 1
36 54 1
54 72 1
39 43 1
149 172 1
176 198 1
177 200 1
88 104 1
69 74 1
102 130 1
92 108 1
186 217 1
147 165 1
95 118 1
116 137 1
188 225 1
54 67 1
149 181 1
123 147 1
88 111 1
27 28 1
92 107 1
96 110 1
186 224 1
25 38 1
143 169 1
74 96 1
147 170 1
116 144 1
41 55 1
151 174 1
103 124 1
133 165 1
136 151 1
137 162 1
66 72 1
158 183 1
91 112 1
111 125 1
147 179 1
118 143 1
63 79 1
142 175 1
41 56 1
78 87 1
104 131 1
103 117 1
76 89 1
150 174 1
136 158 1
156 193 1
67 83 1
49 57 1
158 190 1
111 122 1
53 61 1
75 96 1
95 109 1
118 134 1
100 120 1
104 123 1
36 42 1
131 163 1
78 94 1
108 127 1
37 53 1
130 162 1
77 94 1
133 151 1
67 88 1
162 188 1
92 112 1
111 131 1
96 115 1
84 103 1
159 194 1
70 86 1
146 181 1
95 106 1
190 225 1
48 69 1
41 42 1
79 93 1
117 138 1
151 181 1
51 65 1
77 87 1
24 29 1
66 85 1
108 133 1
162 183 1
164 183 1
111 136 1
146 172 1
115 135 1
80 99 1
26 35 1
118 144 1
105 125 1
129 157 1
148 175 1
22 31 1
79 90 1
117 147 1
171 205 1
151 178 1
156 191 1
174 202 1
106 132 1
51 70 1
160 186 1
109 121 1
42 50 1
150 179 1
133 153 1
135 165 1
144 179 1
164 190 1
120 135 1
89 102 1
146 167 1
115 140 1
80 90 1
54 57 1
129 150 1
131 150 1
61 73 1
172 204 1
119 136 1
156 182 1
174 205 1
52 71 1
135 162 1
67 79 1
105 128 1
144 170 1
134 163 1
120 142 1
50 60 1
89 111 1
159 185 1
90 103 1
163 186 1
124 138 1
93 107 1
131 159 1
62 80 1
172 203 1
173 211 1
175 206 1
132 166 1
136 161 1
135 155 1
162 192 1
55 64 1
38 56 1
134 154 1
120 149 1
64 72 1
89 112 1
90 110 1
170 198 1
94 114 1
22 32 1
173 204 1
42 47 1
101 117 1
38 51 1
25 30 1
64 79 1
134 157 1
90 105 1
109 134 1
94 117 1
61 84 1
173 197 1
119 151 1
103 132 1
130 152 1
101 126 1
157 188 1
161 185 1
163 192 1
110 132 1
38 42 1
65 72 1
122 139 1
90 112 1
145 176 1
170 200 1
68 82 1
51 58 1
124 151 1
93 118 1
97 115 1
27 37 1
161 193 1
55 62 1
76 97 1
102 127 1
49 65 1
157 181 1
107 128 1
35 50 1
74 91 1
75 91 1
38 45 1
187 223 1
122 146 1
145 169 1
110 126 1
78 103 1
121 141 1
69 85 1
128 158 1
94 103 1
97 116 1
62 76 1
137 155 1
112 130 1
184 218 1
77 102 1
132 154 1
81 99 1
102 118 1
50 72 1
106 125 1
107 121 1
164 192 1
188 222 1
64 84 1
79 100 1
83 97 1
121 150 1
176 210 1
128 149 1
94 110 1
24 38 1
98 117 1
137 156 1
184 225 1
185 213 1
23 39 1
81 100 1
50 67 1
107 126 1
40 53 1
188 213 1
65 83 1
53 71 1
39 52 1
26 27 1
83 102 1
176 201 1
123 143 1
68 79 1
56 68 1
185 222 1
114 140 1
81 93 1
82 101 1
107 119 1
187 226 1
189 218 1
190 216 1
65 84 1
53 64 1
39 45 1
48 59 1
87 107 1
52 63 1
125 148 1
91 108 1
186 223 1
114 135 1
82 92 1
28 32 1
35 46 1
63 83 1
36 55 1
39 42 1
149 171 1
176 199 1
177 207 1
88 105 1
102 131 1
92 109 1
138 158 1
40 42 1
95 113 1
116 138 1
188 226 1
54 64 1
149 180 1
123 146 1
88 112 1
27 31 1
66 78 1
96 111 1
186 225 1
25 37 1
138 153 1
143 168 1
74 97 1
147 173 1
116 145 1
142 165 1
41 54 1
151 169 1
103 127 1
133 164 1
136 152 1
137 161 1
66 73 1
91 115 1
111 124 1
143 177 1
147 178 1
118 140 1
63 78 1
104 117 1
142 172 1
36 44 1
117 135 1
104 132 1
76 90 1
150 175 1
136 159 1
156 194 1
67 82 1
158 191 1
111 133 1
159 196 1
53 60 1
75 99 1
95 108 1
118 135 1
100 121 1
104 124 1
36 43 1
131 162 1
78 95 1
79 87 1
108 120 1
37 52 1
112 123 1
130 163 1
77 93 1
133 150 1
162 189 1
92 113 1
111 130 1
96 116 1
84 96 1
70 87 1
146 178 1
48 70 1
105 123 1
129 155 1
79 92 1
117 137 1
151 180 1
51 64 1
108 119 1
109 127 1
24 30 1
133 159 1
66 82 1
108 134 1
70 78 1
146 173 1
115 134 1
80 100 1
26 32 1
118 145 1
105 124 1
129 156 1
148 168 1
22 28 1
61 79 1
117 146 1
171 204 1
156 184 1
174 203 1
106 133 1
160 187 1
109 120 1
42 51 1
150 176 1
133 152 1
135 164 1
67 73 1
144 180 1
164 191 1
120 136 1
138 164 1
115 143 1
80 91 1
124 140 1
54 62 1
129 149 1
131 153 1
61 72 1
171 197 1
172 205 1
119 139 1
156 183 1
174 210 1
52 64 1
37 47 1
135 157 1
67 78 1
105 135 1
144 171 1
134 160 1
120 143 1
50 61 1
89 110 1
159 184 1
163 189 1
124 139 1
93 106 1
131 158 1
97 111 1
62 81 1
173 210 1
175 201 1
136 162 1
135 154 1
162 193 1
55 67 1
134 155 1
120 150 1
64 73 1
90 111 1
170 199 1
94 115 1
22 33 1
98 110 1
173 203 1
160 192 1
130 158 1
42 44 1
110 130 1
38 48 1
25 29 1
90 118 1
109 133 1
170 206 1
68 84 1
61 83 1
119 150 1
130 153 1
132 149 1
23 27 1
101 125 1
157 187 1
161 184 1
163 195 1
110 133 1
38 43 1
187 217 1
134 149 1
65 79 1
122 136 1
90 113 1
170 201 1
121 139 1
68 83 1
51 61 1
124 144 1
128 152 1
93 117 1
97 114 1
62 74 1
27 36 1
161 192 1
125 143 1
76 98 1
132 156 1
102 124 1
49 64 1
107 131 1
35 53 1
74 88 1
75 90 1
187 222 1
122 147 1
145 168 1
110 127 1
78 100 1
83 91 1
121 140 1
69 84 1
128 159 1
24 32 1
62 77 1
100 128 1
137 154 1
112 131 1
184 219 1
77 101 1
132 155 1
81 98 1
102 119 1
106 122 1
107 120 1
164 193 1
187 215 1
188 223 1
64 85 1
79 103 1
83 96 1
121 149 1
176 211 1
123 137 1
128 150 1
94 111 1
24 39 1
98 114 1
184 226 1
114 146 1
23 38 1
81 91 1
50 64 1
40 54 1
188 214 1
190 214 1
65 82 1
53 70 1
39 55 1
176 202 1
123 142 1
56 69 1
87 109 1
185 221 1
186 213 1
114 141 1
81 92 1
82 98 1
107 118 1
116 133 1
189 217 1
190 217 1
63 85 1
39 44 1
48 60 1
69 79 1
87 106 1
125 147 1
91 111 1
56 59 1
186 220 1
82 93 1
28 33 1
143 165 1
116 140 1
63 82 1
53 72 1
36 48 1
149 170 1
177 206 1
88 106 1
102 128 1
92 110 1
96 105 1
25 35 1
138 159 1
147 167 1
40 43 1
95 112 1
116 139 1
54 65 1
149 179 1
123 149 1
88 113 1
177 199 1
27 30 1
66 79 1
25 36 1
143 171 1
147 172 1
116 146 1
118 138 1
142 170 1
41 53 1
151 168 1
103 126 1
76 92 1
133 163 1
136 153 1
137 160 1
158 181 1
87 113 1
91 114 1
111 127 1
158 196 1
143 176 1
147 181 1
118 141 1
63 73 1
104 118 1
142 173 1
36 45 1
117 134 1
104 133 1
103 119 1
76 91 1
150 172 1
67 85 1
49 63 1
158 188 1
111 132 1
53 59 1
75 98 1
95 111 1
100 122 1
48 64 1
104 125 1
131 165 1
78 92 1
117 143 1
171 209 1
108 121 1
37 51 1
112 124 1
130 160 1
77 92 1
150 167 1
133 149 1
66 88 1
162 186 1
108 136 1
92 114 1
96 117 1
28 28 1
84 97 1
70 84 1
146 179 1
26 38 1
105 122 1
129 154 1
79 95 1
117 136 1
51 67 1
109 126 1
24 31 1
133 158 1
66 83 1
162 181 1
108 135 1
28 27 1
84 104 1
159 181 1
70 79 1
146 170 1
115 137 1
80 101 1
26 33 1
118 150 1
148 169 1
22 29 1
61 78 1
117 145 1
171 207 1
119 141 1
156 185 1
174 200 1
106 130 1
160 188 1
51 72 1
42 48 1
150 177 1
67 72 1
164 184 1
120 137 1
138 165 1
163 183 1
146 165 1
115 142 1
80 92 1
170 210 1
26 40 1
124 141 1
54 63 1
148 176 1
131 152 1
172 206 1
119 138 1
174 211 1
52 65 1
37 46 1
135 156 1
105 134 1
144 172 1
55 69 1
134 161 1
120 144 1
50 58 1
159 187 1
89 109 1
163 188 1
93 105 1
97 110 1
62 86 1
172 197 1
173 209 1
175 200 1
52 72 1
132 160 1
136 163 1
55 66 1
25 27 1
134 152 1
64 74 1
120 151 1
122 135 1
90 108 1
94 112 1
22 38 1
98 111 1
173 202 1
175 209 1
160 193 1
130 159 1
42 45 1
23 29 1
110 131 1
74 87 1
38 49 1
25 28 1
122 142 1
109 132 1
170 207 1
68 85 1
97 120 1
61 82 1
119 145 1
130 150 1
76 100 1
132 150 1
101 124 1
102 122 1
157 186 1
161 191 1
163 194 1
74 94 1
187 216 1
64 88 1
65 78 1
122 137 1
78 98 1
101 131 1
121 138 1
51 60 1
124 145 1
128 153 1
93 116 1
97 113 1
62 75 1
27 39 1
125 142 1
184 213 1
76 99 1
132 157 1
81 104 1
102 125 1
49 71 1
107 130 1
35 52 1
74 89 1
75 93 1
122 144 1
145 175 1
110 124 1
78 101 1
83 90 1
121 147 1
69 83 1
24 33 1
98 120 1
100 129 1
137 153 1
112 132 1
184 220 1
77 100 1
23 40 1
81 97 1
50 70 1
106 123 1
107 123 1
164 194 1
40 48 1
187 214 1
188 216 1
64 86 1
65 88 1
79 102 1
26 30 1
83 99 1
121 148 1
123 136 1
128 151 1
94 108 1
24 40 1
98 115 1
185 219 1
23 33 1
81 90 1
82 104 1
50 65 1
40 55 1
188 215 1
189 223 1
190 215 1
65 81 1
53 69 1
39 54 1
149 167 1
83 104 1
176 203 1
177 211 1
68 73 1
56 70 1
87 108 1
91 105 1
185 220 1
114 138 1
82 99 1
35 43 1
116 134 1
189 216 1
190 222 1
63 84 1
129 163 1
39 47 1
48 61 1
69 78 1
125 146 1
52 57 1
91 110 1
56 60 1
186 221 1
114 133 1
82 90 1
28 34 1
116 141 1
36 49 1
149 169 1
177 205 1
88 107 1
102 129 1
91 103 1
92 111 1
96 106 1
25 34 1
138 156 1
143 173 1
74 100 1
147 166 1
40 44 1
95 115 1
116 148 1
54 70 1
36 56 1
41 51 1
149 178 1
123 148 1
88 114 1
177 198 1
66 76 1
92 102 1
158 194 1
143 170 1
147 175 1
95 120 1
116 147 1
118 139 1
100 117 1
142 171 1
41 52 1
151 171 1
103 121 1
76 93 1
150 170 1
133 162 1
136 154 1
158 186 1
87 112 1
91 117 1
111 126 1
96 120 1
84 92 1
143 179 1
147 180 1
100 124 1
63 72 1
104 119 1
142 178 1
36 46 1
78 90 1
117 133 1
104 134 1
103 118 1
150 173 1
67 84 1
49 62 1
158 189 1
92 116 1
111 135 1
84 91 1
70 82 1
53 58 1
75 101 1
95 110 1
80 104 1
118 133 1
100 123 1
48 65 1
104 126 1
131 164 1
78 93 1
117 142 1
171 208 1
108 122 1
37 50 1
112 125 1
130 161 1
77 91 1
157 195 1
162 187 1
92 115 1
96 118 1
28 29 1
84 98 1
70 85 1
146 176 1
26 39 1
105 121 1
128 160 1
129 153 1
41 47 1
22 27 1
79 94 1
171 201 1
174 198 1
51 66 1
109 125 1
42 54 1
133 157 1
66 80 1
108 128 1
70 76 1
146 171 1
115 136 1
80 102 1
148 170 1
61 77 1
117 144 1
172 208 1
119 140 1
171 206 1
174 201 1
175 197 1
106 131 1
160 189 1
156 186 1
42 49 1
135 166 1
67 75 1
164 185 1
120 138 1
138 162 1
89 107 1
159 189 1
163 182 1
115 145 1
80 93 1
124 142 1
54 60 1
93 111 1
148 177 1
131 155 1
171 199 1
172 207 1
119 133 1
174 208 1
52 66 1
37 45 1
42 56 1
135 159 1
105 133 1
144 173 1
162 196 1
55 68 1
134 166 1
120 145 1
50 59 1
89 108 1
159 186 1
163 191 1
93 104 1
97 109 1
172 198 1
173 208 1
175 203 1
132 161 1
136 164 1
64 75 1
134 153 1
89 117 1
90 109 1
170 197 1
94 113 1
22 39 1
98 108 1
27 40 1
173 201 1
175 208 1
160 194 1
130 156 1
23 28 1
110 128 1
38 54 1
122 143 1
90 116 1
109 131 1
170 204 1
68 86 1
94 120 1
61 81 1
27 33 1
119 144 1
103 129 1
130 151 1
76 101 1
132 151 1
101 123 1
102 123 1
157 185 1
106 118 1
161 190 1
74 95 1
187 219 1
65 77 1
122 150 1
145 181 1
110 122 1
78 99 1
101 130 1
121 137 1
51 63 1
124 146 1
128 154 1
93 115 1
97 112 1
62 72 1
27 38 1
125 141 1
184 214 1
55 59 1
132 158 1
49 70 1
107 133 1
161 183 1
35 55 1
164 196 1
75 92 1
64 80 1
122 145 1
145 174 1
110 125 1
83 93 1
121 146 1
69 82 1
94 106 1
24 34 1
100 130 1
137 152 1
112 133 1
184 221 1
77 99 1
81 96 1
102 117 1
50 71 1
106 120 1
107 122 1
164 195 1
40 49 1
188 217 1
64 87 1
145 167 1
39 56 1
79 97 1
26 31 1
83 98 1
123 139 1
56 64 1
94 109 1
98 112 1
185 218 1
114 144 1
23 32 1
81 89 1
40 56 1
189 222 1
65 80 1
53 68 1
39 49 1
149 166 1
176 204 1
177 210 1
68 74 1
56 71 1
87 111 1
91 104 1
114 139 1
82 96 1
28 36 1
35 42 1
116 135 1
189 215 1
190 223 1
63 87 1
129 162 1
39 46 1
149 175 1
48 62 1
177 203 1
69 77 1
125 145 1
52 58 1
56 61 1
186 218 1
82 91 1
28 35 1
143 167 1
95 117 1
116 142 1
36 50 1
149 168 1
177 204 1
88 108 1
27 27 1
91 102 1
92 104 1
96 107 1
25 33 1
138 157 1
143 172 1
147 169 1
40 45 1
95 114 1
54 71 1
41 50 1
149 177 1
151 173 1
123 151 1
88 115 1
66 77 1
92 103 1
158 195 1
147 174 1
189 226 1
118 136 1
100 118 1
142 168 1
151 170 1
104 128 1
103 120 1
76 94 1
150 171 1
133 161 1
136 155 1
137 166 1
158 187 1
87 115 1
91 116 1
84 93 1
70 88 1
143 178 1
100 125 1
63 75 1
104 120 1
36 47 1
78 91 1
108 124 1
49 61 1
67 87 1
92 117 1
111 134 1
96 112 1
84 100 1
159 193 1
70 83 1
53 57 1
75 100 1
95 105 1
190 226 1
48 66 1
104 127 1
105 119 1
148 165 1
117 141 1
171 211 1
108 123 1
37 49 1
112 126 1
77 90 1
66 86 1
157 194 1
162 184 1
96 119 1
28 30 1
84 99 1
146 177 1
80 96 1
26 36 1
105 120 1
128 161 1
129 152 1
148 172 1
41 46 1
79 89 1
171 200 1
151 177 1
156 188 1
174 199 1
51 69 1
109 124 1
42 55 1
133 156 1
66 81 1
144 176 1
108 129 1
159 183 1
70 77 1
146 168 1
115 139 1
80 103 1
118 148 1
54 58 1
148 171 1
131 149 1
61 76 1
172 209 1
119 143 1
156 187 1
174 206 1
106 128 1
160 190 1
52 68 1
135 161 1
67 74 1
105 131 1
164 186 1
120 139 1
138 163 1
89 106 1
159 188 1
163 185 1
115 144 1
80 94 1
170 208 1
124 143 1
54 61 1
93 110 1
148 178 1
131 154 1
97 107 1
171 198 1
172 200 1
174 209 1
175 205 1
160 181 1
52 67 1
37 44 1
135 158 1
105 132 1
144 174 1
55 71 1
120 146 1
89 115 1
163 190 1
93 103 1
97 108 1
62 84 1
172 199 1
173 207 1
175 202 1
132 162 1
136 165 1
135 151 1
144 165 1
64 76 1
134 158 1
89 116 1
90 106 1
94 118 1
22 36 1
98 109 1
173 200 1
175 211 1
160 195 1
130 157 1
42 43 1
23 31 1
157 191 1
110 129 1
38 55 1
65 75 1
122 140 1
90 117 1
145 179 1
109 130 1
170 205 1
121 135 1
68 87 1
124 148 1
51 57 1
61 80 1
27 32 1
119 147 1
103 128 1
55 61 1
112 136 1
76 102 1
101 122 1
102 120 1
157 184 1
106 119 1
161 189 1
35 49 1
163 196 1
74 92 1
110 136 1
38 46 1
187 218 1
65 76 1
122 151 1
145 180 1
110 123 1
78 96 1
101 129 1
121 136 1
51 62 1
124 147 1
128 155 1
93 114 1
97 119 1
62 73 1
125 140 1
184 215 1
55 58 1
132 159 1
49 69 1
106 126 1
107 132 1
161 182 1
35 54 1
75 95 1
64 81 1
145 173 1
83 92 1
121 145 1
69 81 1
94 107 1
24 35 1
98 118 1
137 159 1
184 222 1
112 134 1
77 98 1
81 103 1
50 68 1
106 121 1
107 125 1
40 50 1
188 218 1
145 166 1
79 96 1
26 28 1
83 101 1
123 138 1
68 76 1
56 65 1
98 113 1
185 217 1
114 145 1
23 35 1
81 88 1
82 102 1
187 225 1
189 221 1
190 213 1
65 87 1
53 67 1
39 48 1
176 205 1
177 209 1
68 75 1
56 72 1
87 110 1
52 60 1
125 151 1
91 107 1
185 226 1
114 136 1
82 97 1
28 37 1
35 45 1
189 214 1
190 220 1
63 86 1
36 52 1
129 161 1
149 174 1
48 63 1
177 202 1
88 102 1
69 76 1
87 103 1
52 59 1
125 144 1
56 62 1
186 219 1
143 166 1
95 116 1
116 143 1
36 51 1
123 145 1
88 109 1
92 105 1
96 108 1
186 226 1
25 32 1
138 154 1
143 175 1
74 98 1
147 168 1
40 46 1
142 166 1
54 68 1
41 49 1
149 176 1
151 172 1
123 150 1
88 116 1
66 74 1
158 192 1
147 177 1
189 225 1
118 137 1
63 77 1
100 119 1
142 169 1
104 129 1
103 123 1
76 95 1
150 168 1
133 160 1
136 156 1
137 165 1
67 81 1
49 59 1
158 184 1
87 114 1
91 119 1
84 94 1
53 63 1
100 126 1
63 74 1
104 121 1
142 176 1
131 161 1
78 88 1
108 125 1
37 55 1
130 164 1
67 86 1
49 60 1
162 190 1
92 118 1
111 129 1
96 113 1
84 101 1
159 192 1
70 80 1
95 104 1
48 67 1
105 118 1
148 166 1
117 140 1
171 210 1
37 48 1
112 127 1
77 89 1
24 27 1
66 87 1
157 193 1
162 185 1
28 31 1
70 75 1
146 174 1
115 133 1
80 97 1
26 37 1
118 146 1
105 127 1
128 162 1
129 159 1
148 173 1
41 45 1
79 88 1
171 203 1
151 176 1
117 149 1
156 189 1
106 134 1
51 68 1
160 184 1
109 123 1
42 52 1
133 155 1
144 177 1
108 130 1
164 188 1
120 133 1
159 182 1
146 169 1
115 138 1
80 88 1
118 149 1
54 59 1
148 180 1
61 75 1
172 210 1
119 142 1
174 207 1
175 199 1
106 129 1
160 191 1
52 69 1
150 180 1
135 160 1
67 77 1
105 130 1
144 168 1
164 187 1
120 140 1
138 160 1
50 62 1
159 191 1
89 105 1
163 184 1
115 147 1
80 95 1
170 209 1
93 109 1
148 179 1
131 157 1
97 106 1
62 82 1
172 201 1
119 135 1
175 204 1
160 182 1
106 136 1
37 43 1
132 164 1
135 153 1
144 175 1
162 194 1
55 70 1
134 164 1
120 147 1
50 57 1
89 114 1
93 102 1
22 34 1
62 85 1
173 206 1
132 163 1
136 166 1
135 150 1
101 119 1
144 166 1
64 77 1
134 159 1
90 107 1
109 136 1
94 119 1
22 37 1
173 199 1
119 149 1
175 210 1
160 196 1
130 154 1
23 30 1
157 190 1
161 187 1
110 134 1
38 52 1
134 150 1
65 74 1
122 141 1
90 114 1
145 178 1
109 129 1
170 202 1
121 134 1
68 80 1
124 149 1
93 120 1
27 35 1
119 146 1
103 131 1
161 195 1
55 60 1
130 149 1
101 121 1
102 121 1
49 67 1
157 183 1
161 188 1
35 48 1
74 93 1
75 89 1
38 47 1
187 221 1
122 148 1
145 171 1
78 97 1
101 128 1
121 143 1
69 87 1
128 156 1
93 113 1
97 118 1
62 78 1
161 196 1
125 139 1
112 128 1
184 216 1
132 152 1
49 68 1
106 127 1
161 181 1
107 135 1
75 94 1
188 220 1
64 82 1
145 172 1
78 104 1
83 95 1
121 144 1
176 208 1
69 80 1
94 104 1
24 36 1
98 119 1
137 158 1
184 223 1
185 215 1
112 135 1
77 97 1
23 37 1
81 102 1
50 69 1
107 124 1
75 87 1
40 51 1
188 219 1
145 165 1
79 99 1
26 29 1
83 100 1
123 141 1
68 77 1
56 66 1
185 216 1
186 214 1
114 142 1
23 34 1
81 95 1
82 103 1
187 224 1
189 220 1
190 218 1
65 86 1
53 66 1
39 51 1
79 104 1
48 57 1
176 206 1
177 208 1
87 105 1
52 61 1
125 150 1
91 106 1
185 225 1
114 137 1
82 94 1
28 38 1
35 44 1
189 213 1
190 221 1
63 81 1
36 53 1
129 160 1
149 173 1
176 197 1
177 201 1
88 103 1
69 75 1
87 102 1
56 63 1
186 216 1
82 89 1
95 119 1
116 136 1
188 224 1
54 66 1
123 144 1
88 110 1
27 29 1
102 132 1
92 106 1
96 109 1
25 39 1
138 155 1
143 174 1
74 99 1
147 171 1
40 47 1
142 167 1
54 69 1
41 48 1
151 175 1
103 125 1
133 166 1
137 163 1
66 75 1
158 182 1
91 113 1
25 40 1

